13.600000000099762
16.675000000099587
32.750000000098886
35.67500000009955
48.450000000102456
51.475000000103144
62.95000000010575
66.2500000001065
75.5250000001086
90.30000000011196
93.5500000001127
104.32500000011515
107.50000000011588
118.37500000011835
121.60000000011908
132.50000000011642
135.75000000011346
146.7000000001035
149.95000000010054
13.62500000009976
16.675000000099587
33.07500000009896
35.8750000000996
48.800000000102536
51.67500000010319
63.12500000010579
66.2750000001065
75.82500000010867
78.80000000010935
90.65000000011204
93.67500000011273
104.67500000011523
107.70000000011592
118.72500000011843
121.80000000011913
132.87500000011607
135.97500000011325
147.05000000010318
13.62500000009976
16.700000000099585
32.8000000000989
35.72500000009956
48.52500000010247
51.525000000103155
63.02500000010577
66.2750000001065
75.5250000001086
90.37500000011198
93.5250000001127
104.42500000011518
107.6000000001159
118.47500000011837
121.7000000001191
132.6250000001163
135.85000000011337
146.8250000001034
13.600000000099762
16.65000000009959
33.02500000009895
35.825000000099585
48.750000000102524
51.650000000103184
63.07500000010578
66.2750000001065
75.65000000010863
78.75000000010934
90.55000000011202
93.62500000011272
104.57500000011521
107.65000000011591
118.65000000011841
121.77500000011912
132.80000000011614
135.9250000001133
147.00000000010323
13.575000000099763
16.65000000009959
33.12500000009897
35.92500000009961
48.82500000010254
51.7250000001032
63.12500000010579
66.2750000001065
75.77500000010866
78.75000000010934
90.70000000011206
93.72500000011274
104.72500000011524
107.75000000011593
118.77500000011844
121.85000000011914
132.92500000011603
136.00000000011323
147.1250000001031
13.650000000099759
16.675000000099587
33.12500000009897
35.9000000000996
48.82500000010254
51.700000000103195
63.175000000105804
66.32500000010651
75.67500000010864
78.75000000010934
90.65000000011204
93.67500000011273
104.65000000011523
107.70000000011592
118.70000000011842
121.80000000011913
132.8500000001161
135.97500000011325
147.0250000001032
13.600000000099762
16.700000000099585
33.17500000009898
35.950000000099614
48.85000000010255
51.7250000001032
63.1500000001058
66.32500000010651
75.80000000010867
78.77500000010934
90.70000000011206
93.67500000011273
104.70000000011524
107.72500000011593
118.75000000011843
121.82500000011913
132.90000000011605
135.97500000011325
147.10000000010314
13.62500000009976
16.675000000099587
33.050000000098954
35.85000000009959
48.77500000010253
51.700000000103195
63.10000000010579
66.2750000001065
75.80000000010867
78.80000000010935
90.57500000011203
93.62500000011272
104.60000000011522
107.67500000011592
118.67500000011842
121.77500000011912
132.82500000011612
135.95000000011328
147.0250000001032
13.675000000099757
16.725000000099584
33.17500000009898
35.97500000009962
48.87500000010255
51.750000000103206
63.175000000105804
66.32500000010651
75.82500000010867
78.80000000010935
90.75000000011207
93.75000000011275
104.75000000011525
107.77500000011594
118.82500000011845
121.87500000011914
132.97500000011598
136.0250000001132
147.1500000001031
13.550000000099764
16.65000000009959
33.12500000009897
35.92500000009961
48.82500000010254
51.700000000103195
63.10000000010579
66.2500000001065
75.80000000010867
78.77500000010934
90.67500000011205
93.67500000011273
104.67500000011523
107.70000000011592
118.75000000011843
121.80000000011913
132.90000000011605
135.97500000011325
147.07500000010316
13.62500000009976
16.700000000099585
32.475000000098824
35.52500000009952
48.15000000010239
51.20000000010308
62.825000000105724
66.22500000010649
75.42500000010858
90.0000000001119
93.20000000011262
104.02500000011509
107.27500000011582
118.10000000011829
121.35000000011902
132.25000000011664
135.52500000011366
146.42500000010375
149.72500000010075
13.600000000099762
16.675000000099587
33.20000000009899
36.000000000099625
48.90000000010256
51.77500000010321
63.1500000001058
66.30000000010651
75.75000000010866
78.72500000010933
90.72500000011206
93.75000000011275
104.75000000011525
107.77500000011594
118.82500000011845
121.87500000011914
132.97500000011598
136.0500000001132
147.17500000010307
13.575000000099763
16.65000000009959
33.00000000009894
35.80000000009958
48.70000000010251
51.62500000010318
63.07500000010578
66.2750000001065
75.75000000010866
78.77500000010934
90.57500000011203
93.62500000011272
104.57500000011521
107.65000000011591
118.6250000001184
121.75000000011912
132.77500000011617
135.90000000011332
146.97500000010325
13.62500000009976
16.675000000099587
33.050000000098954
35.85000000009959
48.77500000010253
51.700000000103195
63.12500000010579
66.30000000010651
75.65000000010863
78.72500000010933
90.60000000011203
93.65000000011273
104.60000000011522
107.70000000011592
118.67500000011842
121.77500000011912
132.82500000011612
135.95000000011328
147.00000000010323
13.675000000099757
16.725000000099584
33.17500000009898
35.950000000099614
48.87500000010255
51.7250000001032
63.175000000105804
66.32500000010651
75.77500000010866
78.77500000010934
90.70000000011206
93.70000000011274
104.75000000011525
107.75000000011593
118.82500000011845
121.85000000011914
132.97500000011598
136.0250000001132
147.1500000001031
13.675000000099757
16.675000000099587
32.95000000009893
35.775000000099574
48.625000000102496
51.57500000010317
63.050000000105776
66.22500000010649
75.57500000010862
78.6000000001093
90.425000000112
93.5250000001127
104.45000000011518
107.50000000011588
118.50000000011838
121.60000000011908
132.65000000011628
135.75000000011346
146.8250000001034
149.95000000010054
13.650000000099759
16.675000000099587
33.00000000009894
35.775000000099574
48.70000000010251
51.650000000103184
63.10000000010579
66.30000000010651
75.70000000010864
78.75000000010934
90.55000000011202
93.67500000011273
104.57500000011521
107.67500000011592
118.6250000001184
121.77500000011912
132.77500000011617
135.9250000001133
146.97500000010325
13.575000000099763
16.700000000099585
32.97500000009894
35.80000000009958
48.70000000010251
51.650000000103184
63.050000000105776
66.2500000001065
75.62500000010863
78.67500000010932
90.475000000112
93.57500000011271
104.5250000001152
107.6250000001159
118.6000000001184
121.72500000011911
132.7500000001162
135.87500000011335
146.95000000010327
13.650000000099759
16.675000000099587
33.12500000009897
35.950000000099614
48.85000000010255
51.700000000103195
63.1500000001058
66.30000000010651
75.80000000010867
78.80000000010935
90.70000000011206
93.70000000011274
104.70000000011524
107.72500000011593
118.77500000011844
121.85000000011914
132.90000000011605
136.00000000011323
147.10000000010314
13.650000000099759
16.700000000099585
33.15000000009898
35.92500000009961
48.800000000102536
51.700000000103195
63.12500000010579
66.2500000001065
75.70000000010864
78.67500000010932
90.57500000011203
93.60000000011271
104.62500000011522
107.65000000011591
118.67500000011842
121.75000000011912
132.82500000011612
135.9250000001133
147.0250000001032
13.62500000009976
16.700000000099585
32.90000000009892
35.75000000009957
48.625000000102496
51.62500000010318
63.050000000105776
66.2750000001065
75.62500000010863
90.450000000112
93.57500000011271
104.47500000011519
107.6250000001159
118.52500000011838
121.72500000011911
132.67500000011626
135.87500000011335
146.85000000010336
13.675000000099757
16.675000000099587
33.100000000098966
35.8750000000996
48.800000000102536
51.67500000010319
63.175000000105804
66.32500000010651
75.70000000010864
78.75000000010934
90.67500000011205
93.70000000011274
104.70000000011524
107.75000000011593
118.77500000011844
121.87500000011914
132.92500000011603
136.0250000001132
147.1250000001031
13.650000000099759
16.725000000099584
33.250000000099
36.02500000009963
48.95000000010257
51.80000000010322
63.20000000010581
66.32500000010651
75.80000000010867
78.80000000010935
90.75000000011207
93.75000000011275
104.75000000011525
107.77500000011594
118.80000000011844
121.85000000011914
132.950000000116
136.0250000001132
147.1250000001031
13.600000000099762
16.65000000009959
33.225000000098994
35.97500000009962
48.925000000102564
51.77500000010321
63.1500000001058
66.2500000001065
75.70000000010864
78.67500000010932
90.80000000011208
93.75000000011275
104.80000000011526
107.77500000011594
118.85000000011846
121.85000000011914
133.00000000011596
136.00000000011323
147.17500000010307
13.600000000099762
16.65000000009959
33.07500000009896
35.9000000000996
48.77500000010253
51.67500000010319
63.10000000010579
66.2750000001065
75.72500000010865
78.75000000010934
90.62500000011204
93.67500000011273
104.62500000011522
107.67500000011592
118.67500000011842
121.77500000011912
132.82500000011612
135.95000000011328
147.00000000010323
13.600000000099762
16.675000000099587
33.35000000009902
36.125000000099654
49.05000000010259
51.85000000010323
63.225000000105815
66.32500000010651
75.9250000001087
78.85000000010936
90.8750000001121
93.82500000011277
104.90000000011528
107.85000000011595
118.97500000011848
121.95000000011916
133.10000000011587
136.10000000011314
147.30000000010295
13.675000000099757
16.700000000099585
33.42500000009904
36.225000000099676
49.12500000010261
51.925000000103246
63.30000000010583
66.37500000010652
75.9250000001087
78.85000000010936
90.9250000001121
93.87500000011278
104.9750000001153
107.92500000011597
119.0250000001185
122.02500000011918
133.1750000001158
136.20000000011305
147.3750000001029
13.700000000099756
16.725000000099584
32.95000000009893
35.80000000009958
48.67500000010251
51.650000000103184
63.10000000010579
66.30000000010651
75.60000000010862
78.80000000010935
90.475000000112
93.62500000011272
104.47500000011519
107.6000000001159
118.55000000011839
121.7000000001191
132.67500000011626
135.85000000011337
146.87500000010334
13.62500000009976
16.675000000099587
33.17500000009898
35.97500000009962
48.90000000010256
51.750000000103206
63.175000000105804
66.32500000010651
75.72500000010865
78.80000000010935
90.67500000011205
93.75000000011275
104.72500000011524
107.77500000011594
118.77500000011844
121.90000000011915
132.92500000011603
136.0500000001132
147.10000000010314
13.700000000099756
16.725000000099584
33.07500000009896
35.9000000000996
48.800000000102536
51.7250000001032
63.1500000001058
66.32500000010651
75.75000000010866
78.77500000010934
90.70000000011206
93.70000000011274
104.67500000011523
107.72500000011593
118.72500000011843
121.82500000011913
132.8500000001161
135.97500000011325
147.0250000001032
13.675000000099757
16.725000000099584
33.225000000098994
36.02500000009963
48.925000000102564
51.80000000010322
63.175000000105804
66.35000000010652
75.70000000010864
78.70000000010933
90.72500000011206
93.72500000011274
104.72500000011524
107.77500000011594
118.80000000011844
121.87500000011914
132.92500000011603
136.0250000001132
147.1250000001031
13.675000000099757
16.725000000099584
33.15000000009898
35.92500000009961
48.87500000010255
51.77500000010321
63.175000000105804
66.35000000010652
75.80000000010867
78.80000000010935
90.65000000011204
93.72500000011274
104.65000000011523
107.75000000011593
118.72500000011843
121.82500000011913
132.8500000001161
135.97500000011325
147.05000000010318
13.675000000099757
16.675000000099587
32.85000000009891
35.72500000009956
48.575000000102484
51.55000000010316
63.050000000105776
66.2750000001065
75.65000000010863
78.80000000010935
90.50000000011201
93.60000000011271
104.5250000001152
107.6250000001159
118.5750000001184
121.72500000011911
132.70000000011623
135.90000000011332
146.87500000010334
13.700000000099756
16.700000000099585
33.30000000009901
36.10000000009965
48.975000000102575
51.82500000010322
63.225000000105815
66.32500000010651
75.82500000010867
78.80000000010935
90.80000000011208
93.77500000011275
104.82500000011527
107.80000000011594
118.90000000011847
121.90000000011915
133.02500000011594
136.0500000001132
147.20000000010305
13.675000000099757
16.725000000099584
32.700000000098875
35.650000000099546
48.42500000010245
51.45000000010314
62.97500000010576
66.32500000010651
75.5250000001086
90.22500000011195
93.40000000011267
104.25000000011514
107.47500000011587
118.30000000011833
121.57500000011908
132.45000000011646
135.72500000011348
146.65000000010355
149.95000000010054
13.62500000009976
16.700000000099585
33.02500000009895
35.85000000009959
48.750000000102524
51.650000000103184
63.10000000010579
66.30000000010651
75.65000000010863
78.75000000010934
90.60000000011203
93.65000000011273
104.62500000011522
107.70000000011592
118.67500000011842
121.82500000011913
132.82500000011612
135.97500000011325
147.00000000010323
13.62500000009976
16.675000000099587
33.050000000098954
35.825000000099585
48.750000000102524
51.700000000103195
63.10000000010579
66.2500000001065
75.72500000010865
78.75000000010934
90.57500000011203
93.65000000011273
104.60000000011522
107.65000000011591
118.65000000011841
121.75000000011912
132.80000000011614
135.90000000011332
146.97500000010325
13.650000000099759
16.725000000099584
33.050000000098954
35.8750000000996
48.750000000102524
51.700000000103195
63.12500000010579
66.2750000001065
75.80000000010867
78.80000000010935
90.52500000011202
93.62500000011272
104.57500000011521
107.65000000011591
118.65000000011841
121.75000000011912
132.80000000011614
135.9250000001133
147.00000000010323
13.600000000099762
16.675000000099587
33.00000000009894
35.825000000099585
48.750000000102524
51.650000000103184
63.07500000010578
66.2500000001065
75.65000000010863
78.72500000010933
90.57500000011203
93.62500000011272
104.60000000011522
107.67500000011592
118.65000000011841
121.75000000011912
132.80000000011614
135.9250000001133
147.00000000010323
13.575000000099763
16.65000000009959
32.8000000000989
35.650000000099546
48.55000000010248
51.50000000010315
62.97500000010576
66.22500000010649
75.57500000010862
78.82500000010936
90.37500000011198
93.5250000001127
104.40000000011517
107.57500000011589
118.45000000011837
121.65000000011909
132.60000000011632
135.8250000001134
146.77500000010343
13.62500000009976
16.725000000099584
32.95000000009893
35.775000000099574
48.6500000001025
51.650000000103184
63.07500000010578
66.32500000010651
75.57500000010862
90.52500000011202
93.65000000011273
104.5250000001152
107.67500000011592
118.5750000001184
121.75000000011912
132.70000000011623
135.90000000011332
146.90000000010332
13.575000000099763
16.675000000099587
33.15000000009898
35.92500000009961
48.90000000010256
51.750000000103206
63.1500000001058
66.32500000010651
75.80000000010867
78.80000000010935
90.82500000011208
93.82500000011277
104.82500000011527
107.82500000011595
118.87500000011846
121.92500000011916
133.00000000011596
136.10000000011314
147.17500000010307
13.62500000009976
16.675000000099587
33.47500000009905
36.30000000009969
49.12500000010261
51.875000000103235
63.27500000010583
66.32500000010651
76.02500000010872
78.90000000010937
91.00000000011212
93.87500000011278
105.0000000001153
107.90000000011597
119.07500000011851
122.02500000011918
133.22500000011576
136.17500000011307
147.40000000010286
13.675000000099757
16.700000000099585
32.875000000098915
35.75000000009957
48.575000000102484
51.525000000103155
63.050000000105776
66.2750000001065
75.57500000010862
78.72500000010933
90.450000000112
93.5500000001127
104.47500000011519
107.57500000011589
118.55000000011839
121.65000000011909
132.67500000011626
135.8250000001134
146.87500000010334
13.62500000009976
16.675000000099587
32.925000000098926
35.75000000009957
48.60000000010249
51.57500000010317
63.02500000010577
66.2500000001065
75.67500000010864
78.77500000010934
90.475000000112
93.57500000011271
104.5000000001152
107.6000000001159
118.55000000011839
121.7000000001191
132.67500000011626
135.85000000011337
146.87500000010334
13.600000000099762
16.65000000009959
33.02500000009895
35.825000000099585
48.72500000010252
51.650000000103184
63.07500000010578
66.2500000001065
75.62500000010863
78.67500000010932
90.52500000011202
93.60000000011271
104.5500000001152
107.6250000001159
118.6250000001184
121.72500000011911
132.80000000011614
135.90000000011332
147.00000000010323
13.62500000009976
16.700000000099585
33.07500000009896
35.8750000000996
48.77500000010253
51.67500000010319
63.10000000010579
66.30000000010651
75.67500000010864
78.75000000010934
90.55000000011202
93.65000000011273
104.57500000011521
107.67500000011592
118.65000000011841
121.77500000011912
132.80000000011614
135.95000000011328
147.00000000010323
13.675000000099757
16.725000000099584
33.15000000009898
35.92500000009961
48.85000000010255
51.7250000001032
63.175000000105804
66.32500000010651
75.67500000010864
78.70000000010933
90.70000000011206
93.72500000011274
104.72500000011524
107.75000000011593
118.77500000011844
121.85000000011914
132.90000000011605
136.00000000011323
147.10000000010314
13.600000000099762
16.675000000099587
33.100000000098966
35.8750000000996
48.800000000102536
51.700000000103195
63.12500000010579
66.2750000001065
75.67500000010864
78.70000000010933
90.62500000011204
93.65000000011273
104.65000000011523
107.70000000011592
118.72500000011843
121.82500000011913
132.87500000011607
135.97500000011325
147.07500000010316
13.675000000099757
16.700000000099585
32.67500000009887
35.600000000099534
48.37500000010244
51.40000000010313
62.95000000010575
66.2500000001065
75.4750000001086
90.17500000011194
93.32500000011265
104.17500000011512
107.37500000011585
118.22500000011831
121.47500000011905
132.37500000011653
135.62500000011357
146.55000000010364
149.85000000010064
