16.400000000099602
35.775000000099574
52.20000000010331
81.82500000011004
94.37500000011289
108.5000000001161
122.67500000011933
136.87500000011244
16.350000000099605
35.70000000009956
52.12500000010329
81.72500000011001
94.27500000011287
108.40000000011608
122.5750000001193
136.77500000011253
16.300000000099608
35.825000000099585
52.30000000010333
81.92500000011006
94.50000000011292
108.60000000011613
122.77500000011935
136.97500000011235
16.400000000099602
35.775000000099574
52.20000000010331
81.82500000011004
94.4000000001129
108.5000000001161
122.67500000011933
136.9000000001124
16.4250000000996
35.775000000099574
52.225000000103314
81.85000000011004
94.4250000001129
108.52500000011611
122.70000000011933
136.9250000001124
16.325000000099607
35.72500000009956
52.1750000001033
81.77500000011003
94.35000000011289
108.45000000011609
122.62500000011931
136.85000000011246
16.375000000099604
35.775000000099574
52.20000000010331
81.85000000011004
94.4000000001129
108.5000000001161
122.67500000011933
136.9000000001124
16.375000000099604
35.80000000009958
52.25000000010332
81.87500000011005
94.4000000001129
108.52500000011611
122.70000000011933
136.9250000001124
16.375000000099604
35.75000000009957
52.1750000001033
81.77500000011003
94.37500000011289
108.4750000001161
122.65000000011932
136.87500000011244
16.375000000099604
35.72500000009956
52.12500000010329
81.75000000011002
94.30000000011287
108.40000000011608
122.5750000001193
136.8000000001125
16.325000000099607
35.75000000009957
52.225000000103314
81.82500000011004
94.4000000001129
108.52500000011611
122.70000000011933
136.9000000001124
16.400000000099602
35.80000000009958
52.25000000010332
81.85000000011004
94.4250000001129
108.52500000011611
122.70000000011933
136.9250000001124
16.375000000099604
35.67500000009955
52.100000000103286
81.72500000011001
94.27500000011287
108.37500000011607
122.5500000001193
136.77500000011253
16.350000000099605
35.775000000099574
52.225000000103314
81.87500000011005
94.4000000001129
108.5000000001161
122.70000000011933
136.9000000001124
16.4250000000996
35.80000000009958
52.225000000103314
81.85000000011004
94.4000000001129
108.5000000001161
122.70000000011933
136.9250000001124
16.300000000099608
35.72500000009956
52.20000000010331
81.80000000011003
94.37500000011289
108.4750000001161
122.65000000011932
136.87500000011244
16.350000000099605
35.775000000099574
52.20000000010331
81.80000000011003
94.37500000011289
108.4750000001161
122.65000000011932
136.87500000011244
16.375000000099604
35.75000000009957
52.1750000001033
81.82500000011004
94.32500000011288
108.42500000011609
122.62500000011931
136.85000000011246
16.400000000099602
35.75000000009957
52.1750000001033
81.80000000011003
94.35000000011289
108.45000000011609
122.65000000011932
136.85000000011246
16.375000000099604
35.75000000009957
52.20000000010331
81.77500000011003
94.37500000011289
108.45000000011609
122.65000000011932
136.85000000011246
16.375000000099604
35.80000000009958
52.225000000103314
81.82500000011004
94.4000000001129
108.5000000001161
122.67500000011933
136.9000000001124
16.400000000099602
35.80000000009958
52.25000000010332
81.85000000011004
94.4000000001129
108.5000000001161
122.70000000011933
136.9250000001124
16.400000000099602
35.75000000009957
52.1750000001033
81.77500000011003
94.35000000011289
108.45000000011609
122.62500000011931
136.85000000011246
16.400000000099602
35.80000000009958
52.225000000103314
81.82500000011004
94.37500000011289
108.4750000001161
122.67500000011933
136.9000000001124
16.4250000000996
35.75000000009957
52.225000000103314
81.90000000011005
94.4250000001129
108.52500000011611
122.70000000011933
136.9000000001124
16.350000000099605
35.80000000009958
52.225000000103314
81.85000000011004
94.4250000001129
108.52500000011611
122.70000000011933
136.9250000001124
16.350000000099605
35.70000000009956
52.1500000001033
81.75000000011002
94.32500000011288
108.42500000011609
122.62500000011931
136.82500000011248
16.350000000099605
35.775000000099574
52.225000000103314
81.80000000011003
94.4000000001129
108.5000000001161
122.67500000011933
136.9000000001124
16.325000000099607
35.75000000009957
52.20000000010331
81.80000000011003
94.37500000011289
108.4750000001161
122.65000000011932
136.85000000011246
16.4250000000996
35.825000000099585
52.225000000103314
81.85000000011004
94.4000000001129
108.5000000001161
122.70000000011933
136.9000000001124
16.325000000099607
35.72500000009956
52.20000000010331
81.80000000011003
94.4000000001129
108.5000000001161
122.67500000011933
136.9000000001124
16.325000000099607
35.72500000009956
52.20000000010331
81.80000000011003
94.37500000011289
108.5000000001161
122.65000000011932
136.87500000011244
16.350000000099605
35.75000000009957
52.1750000001033
81.77500000011003
94.35000000011289
108.4750000001161
122.65000000011932
136.87500000011244
16.350000000099605
35.775000000099574
52.20000000010331
81.80000000011003
94.37500000011289
108.4750000001161
122.65000000011932
136.87500000011244
16.375000000099604
35.775000000099574
52.1750000001033
81.77500000011003
94.35000000011289
108.45000000011609
122.62500000011931
136.85000000011246
16.375000000099604
35.75000000009957
52.1500000001033
81.77500000011003
94.30000000011287
108.42500000011609
122.60000000011931
136.82500000011248
16.400000000099602
35.775000000099574
52.225000000103314
81.82500000011004
94.4000000001129
108.5000000001161
122.67500000011933
136.9000000001124
16.400000000099602
35.75000000009957
52.20000000010331
81.80000000011003
94.37500000011289
108.4750000001161
122.65000000011932
136.87500000011244
16.375000000099604
35.80000000009958
52.225000000103314
81.85000000011004
94.4250000001129
108.52500000011611
122.70000000011933
136.9250000001124
16.4500000000996
35.75000000009957
52.20000000010331
81.77500000011003
94.35000000011289
108.45000000011609
122.62500000011931
136.85000000011246
16.400000000099602
35.775000000099574
52.1750000001033
81.80000000011003
94.32500000011288
108.42500000011609
122.62500000011931
136.85000000011246
16.375000000099604
35.80000000009958
52.20000000010331
81.87500000011005
94.4000000001129
108.5000000001161
122.67500000011933
136.9000000001124
16.375000000099604
35.72500000009956
52.1500000001033
81.77500000011003
94.32500000011288
108.42500000011609
122.62500000011931
136.85000000011246
16.400000000099602
35.825000000099585
52.275000000103326
81.92500000011006
94.50000000011292
108.60000000011613
122.77500000011935
137.00000000011232
16.325000000099607
35.72500000009956
52.20000000010331
81.82500000011004
94.37500000011289
108.4750000001161
122.67500000011933
136.9000000001124
16.350000000099605
35.75000000009957
52.20000000010331
81.80000000011003
94.37500000011289
108.4750000001161
122.65000000011932
136.87500000011244
16.400000000099602
35.80000000009958
52.225000000103314
81.82500000011004
94.4000000001129
108.5000000001161
122.67500000011933
136.9000000001124
16.27500000009961
35.72500000009956
52.20000000010331
81.77500000011003
94.37500000011289
108.4750000001161
122.65000000011932
136.85000000011246
16.325000000099607
35.775000000099574
52.20000000010331
81.85000000011004
94.37500000011289
108.4750000001161
122.65000000011932
136.87500000011244
16.375000000099604
35.80000000009958
52.25000000010332
81.87500000011005
94.4250000001129
108.52500000011611
122.70000000011933
136.9250000001124
16.300000000099608
35.75000000009957
52.225000000103314
81.90000000011005
94.4000000001129
108.52500000011611
122.70000000011933
136.9250000001124
16.350000000099605
35.72500000009956
52.1500000001033
81.77500000011003
94.32500000011288
108.45000000011609
122.62500000011931
136.85000000011246
16.4500000000996
35.775000000099574
52.20000000010331
81.85000000011004
94.37500000011289
108.5000000001161
122.67500000011933
136.9000000001124
16.400000000099602
35.72500000009956
52.20000000010331
81.80000000011003
94.37500000011289
108.4750000001161
122.65000000011932
136.87500000011244
16.350000000099605
35.75000000009957
52.20000000010331
81.82500000011004
94.4000000001129
108.4750000001161
122.67500000011933
136.87500000011244
16.375000000099604
35.775000000099574
52.225000000103314
81.85000000011004
94.4250000001129
108.52500000011611
122.70000000011933
136.9000000001124
16.350000000099605
35.72500000009956
52.225000000103314
81.82500000011004
94.4250000001129
108.52500000011611
122.70000000011933
136.9000000001124
16.325000000099607
35.75000000009957
52.225000000103314
81.87500000011005
94.4250000001129
108.55000000011611
122.72500000011934
136.9250000001124
16.475000000099598
35.775000000099574
52.20000000010331
81.80000000011003
94.37500000011289
108.4750000001161
122.65000000011932
136.87500000011244
16.4250000000996
35.80000000009958
52.225000000103314
81.85000000011004
94.4000000001129
108.5000000001161
122.70000000011933
136.9000000001124
16.325000000099607
35.75000000009957
52.1750000001033
81.80000000011003
94.35000000011289
108.45000000011609
122.62500000011931
136.85000000011246
16.375000000099604
35.775000000099574
52.225000000103314
81.82500000011004
94.4000000001129
108.5000000001161
122.67500000011933
136.9000000001124
16.375000000099604
35.825000000099585
52.275000000103326
81.90000000011005
94.47500000011291
108.57500000011612
122.75000000011934
136.97500000011235
16.300000000099608
35.75000000009957
52.1750000001033
81.77500000011003
94.35000000011289
108.45000000011609
122.65000000011932
136.87500000011244
16.375000000099604
35.775000000099574
52.20000000010331
81.80000000011003
94.37500000011289
108.4750000001161
122.65000000011932
136.87500000011244
16.375000000099604
35.775000000099574
52.225000000103314
81.82500000011004
94.4000000001129
108.5000000001161
122.67500000011933
136.9000000001124
16.4250000000996
35.75000000009957
52.20000000010331
81.80000000011003
94.35000000011289
108.4750000001161
122.65000000011932
136.87500000011244
16.375000000099604
35.72500000009956
52.1750000001033
81.77500000011003
94.35000000011289
108.45000000011609
122.65000000011932
136.85000000011246
16.325000000099607
35.70000000009956
52.1500000001033
81.72500000011001
94.35000000011289
108.45000000011609
122.62500000011931
136.85000000011246
16.400000000099602
35.80000000009958
52.225000000103314
81.87500000011005
94.4000000001129
108.52500000011611
122.70000000011933
136.9250000001124
16.350000000099605
35.80000000009958
52.25000000010332
81.87500000011005
94.45000000011291
108.55000000011611
122.72500000011934
136.9250000001124
16.350000000099605
35.72500000009956
52.1500000001033
81.75000000011002
94.30000000011287
108.42500000011609
122.60000000011931
136.82500000011248
16.4250000000996
35.825000000099585
52.225000000103314
81.85000000011004
94.37500000011289
108.4750000001161
122.67500000011933
136.9000000001124
16.325000000099607
35.70000000009956
52.1500000001033
81.77500000011003
94.32500000011288
108.42500000011609
122.60000000011931
136.82500000011248
16.375000000099604
35.72500000009956
52.20000000010331
81.77500000011003
94.37500000011289
108.4750000001161
122.65000000011932
136.87500000011244
16.375000000099604
35.72500000009956
52.20000000010331
81.80000000011003
94.37500000011289
108.4750000001161
122.65000000011932
136.87500000011244
16.300000000099608
35.72500000009956
52.1750000001033
81.75000000011002
94.35000000011289
108.45000000011609
122.62500000011931
136.85000000011246
16.375000000099604
35.80000000009958
52.225000000103314
81.82500000011004
94.4000000001129
108.5000000001161
122.70000000011933
136.9250000001124
16.375000000099604
35.775000000099574
52.225000000103314
81.82500000011004
94.4000000001129
108.5000000001161
122.67500000011933
136.9000000001124
16.325000000099607
35.75000000009957
52.20000000010331
81.82500000011004
94.37500000011289
108.4750000001161
122.67500000011933
136.87500000011244
16.350000000099605
35.72500000009956
52.1500000001033
81.75000000011002
94.30000000011287
108.40000000011608
122.5750000001193
136.8000000001125
16.375000000099604
35.75000000009957
52.20000000010331
81.82500000011004
94.37500000011289
108.4750000001161
122.67500000011933
136.87500000011244
16.350000000099605
35.75000000009957
52.20000000010331
81.77500000011003
94.35000000011289
108.45000000011609
122.65000000011932
136.85000000011246
16.325000000099607
35.75000000009957
52.20000000010331
81.85000000011004
94.4000000001129
108.5000000001161
122.67500000011933
136.9000000001124
16.375000000099604
35.80000000009958
52.225000000103314
81.82500000011004
94.4000000001129
108.52500000011611
122.70000000011933
136.9250000001124
16.325000000099607
35.75000000009957
52.20000000010331
81.85000000011004
94.37500000011289
108.4750000001161
122.65000000011932
136.87500000011244
16.400000000099602
35.75000000009957
52.20000000010331
81.80000000011003
94.37500000011289
108.4750000001161
122.65000000011932
136.87500000011244
16.375000000099604
35.775000000099574
52.225000000103314
81.82500000011004
94.4000000001129
108.52500000011611
122.70000000011933
136.9000000001124
16.325000000099607
35.70000000009956
52.1750000001033
81.75000000011002
94.35000000011289
108.45000000011609
122.62500000011931
136.85000000011246
16.27500000009961
35.72500000009956
52.20000000010331
81.82500000011004
94.4000000001129
108.5000000001161
122.67500000011933
136.87500000011244
16.350000000099605
35.72500000009956
52.1750000001033
81.80000000011003
94.35000000011289
108.45000000011609
122.65000000011932
136.85000000011246
16.325000000099607
35.70000000009956
52.1500000001033
81.77500000011003
94.35000000011289
108.45000000011609
122.62500000011931
136.85000000011246
16.375000000099604
35.775000000099574
52.225000000103314
81.85000000011004
94.4000000001129
108.52500000011611
122.70000000011933
136.9250000001124
16.325000000099607
35.75000000009957
52.20000000010331
81.80000000011003
94.37500000011289
108.4750000001161
122.65000000011932
136.87500000011244
16.350000000099605
35.75000000009957
52.1500000001033
81.75000000011002
94.32500000011288
108.42500000011609
122.60000000011931
136.82500000011248
16.375000000099604
35.775000000099574
52.20000000010331
81.87500000011005
94.4000000001129
108.5000000001161
122.67500000011933
136.9000000001124
16.375000000099604
35.775000000099574
52.225000000103314
81.97500000011007
94.4000000001129
108.5000000001161
122.67500000011933
136.87500000011244
16.27500000009961
35.67500000009955
52.12500000010329
81.75000000011002
94.32500000011288
108.42500000011609
122.60000000011931
136.82500000011248
16.27500000009961
35.72500000009956
52.20000000010331
81.80000000011003
94.4000000001129
108.5000000001161
122.67500000011933
136.9000000001124
16.375000000099604
35.775000000099574
52.20000000010331
81.82500000011004
94.4000000001129
108.5000000001161
122.67500000011933
136.9000000001124
16.375000000099604
35.825000000099585
52.25000000010332
81.90000000011005
94.4250000001129
108.52500000011611
122.70000000011933
136.9250000001124
16.375000000099604
35.775000000099574
52.225000000103314
81.82500000011004
94.4000000001129
108.5000000001161
122.67500000011933
136.9000000001124
16.400000000099602
35.72500000009956
52.1750000001033
81.80000000011003
94.35000000011289
108.45000000011609
122.62500000011931
136.85000000011246
16.375000000099604
35.775000000099574
52.20000000010331
81.87500000011005
94.37500000011289
108.5000000001161
122.67500000011933
136.9000000001124
16.325000000099607
35.75000000009957
52.1750000001033
81.80000000011003
94.35000000011289
108.45000000011609
122.62500000011931
136.85000000011246
16.350000000099605
35.825000000099585
52.25000000010332
81.85000000011004
94.4250000001129
108.52500000011611
122.70000000011933
136.9250000001124
16.375000000099604
35.72500000009956
52.1500000001033
81.77500000011003
94.32500000011288
108.42500000011609
122.62500000011931
136.82500000011248
16.4500000000996
35.85000000009959
52.275000000103326
81.90000000011005
94.45000000011291
108.55000000011611
122.72500000011934
136.95000000011237
16.400000000099602
35.80000000009958
52.225000000103314
81.82500000011004
94.37500000011289
108.5000000001161
122.67500000011933
136.87500000011244
16.375000000099604
35.75000000009957
52.20000000010331
81.85000000011004
94.37500000011289
108.4750000001161
122.65000000011932
136.87500000011244
16.350000000099605
35.67500000009955
52.1500000001033
81.75000000011002
94.35000000011289
108.45000000011609
122.62500000011931
136.85000000011246
16.400000000099602
35.775000000099574
52.20000000010331
81.80000000011003
94.37500000011289
108.5000000001161
122.67500000011933
136.87500000011244
16.375000000099604
35.75000000009957
52.1750000001033
81.82500000011004
94.35000000011289
108.45000000011609
122.65000000011932
136.85000000011246
16.375000000099604
35.80000000009958
52.25000000010332
81.92500000011006
94.4250000001129
108.55000000011611
122.72500000011934
136.95000000011237
16.4500000000996
35.85000000009959
52.25000000010332
81.92500000011006
94.4000000001129
108.5000000001161
122.70000000011933
136.9250000001124
16.350000000099605
35.72500000009956
52.1750000001033
81.80000000011003
94.35000000011289
108.45000000011609
122.62500000011931
136.85000000011246
16.375000000099604
35.775000000099574
52.225000000103314
81.87500000011005
94.4250000001129
108.52500000011611
122.70000000011933
136.9250000001124
16.400000000099602
35.85000000009959
52.275000000103326
82.02500000011008
94.45000000011291
108.57500000011612
122.75000000011934
136.97500000011235
16.400000000099602
35.825000000099585
52.275000000103326
81.87500000011005
94.47500000011291
108.57500000011612
122.75000000011934
136.97500000011235
16.325000000099607
35.72500000009956
52.1750000001033
81.85000000011004
94.37500000011289
108.4750000001161
122.67500000011933
136.9000000001124
16.350000000099605
35.75000000009957
52.225000000103314
81.82500000011004
94.45000000011291
108.55000000011611
122.72500000011934
136.9250000001124
16.350000000099605
35.72500000009956
52.12500000010329
81.75000000011002
94.30000000011287
108.40000000011608
122.60000000011931
136.82500000011248
16.375000000099604
35.70000000009956
52.1500000001033
81.72500000011001
94.32500000011288
108.42500000011609
122.60000000011931
136.82500000011248
16.4250000000996
35.80000000009958
52.225000000103314
81.82500000011004
94.4000000001129
108.5000000001161
122.67500000011933
136.9000000001124
16.350000000099605
35.75000000009957
52.20000000010331
81.80000000011003
94.35000000011289
108.45000000011609
122.65000000011932
136.85000000011246
16.400000000099602
35.775000000099574
52.1750000001033
81.82500000011004
94.35000000011289
108.45000000011609
122.65000000011932
136.85000000011246
16.325000000099607
35.72500000009956
52.20000000010331
81.80000000011003
94.37500000011289
108.4750000001161
122.65000000011932
136.87500000011244
16.4250000000996
35.75000000009957
52.1750000001033
81.82500000011004
94.35000000011289
108.45000000011609
122.65000000011932
136.87500000011244
16.400000000099602
35.75000000009957
52.20000000010331
81.82500000011004
94.4000000001129
108.5000000001161
122.67500000011933
136.9000000001124
16.350000000099605
35.75000000009957
52.20000000010331
81.82500000011004
94.4000000001129
108.5000000001161
122.67500000011933
136.9000000001124
16.375000000099604
35.75000000009957
52.1750000001033
81.82500000011004
94.35000000011289
108.4750000001161
122.65000000011932
136.87500000011244
16.350000000099605
35.75000000009957
52.1750000001033
81.75000000011002
94.35000000011289
108.45000000011609
122.65000000011932
136.85000000011246
16.4250000000996
35.80000000009958
52.225000000103314
81.85000000011004
94.4000000001129
108.5000000001161
122.67500000011933
136.9000000001124
16.350000000099605
35.72500000009956
52.1750000001033
81.75000000011002
94.35000000011289
108.45000000011609
122.62500000011931
136.85000000011246
16.4250000000996
35.775000000099574
52.20000000010331
81.82500000011004
94.37500000011289
108.4750000001161
122.65000000011932
136.87500000011244
16.325000000099607
35.72500000009956
52.225000000103314
81.82500000011004
94.4000000001129
108.52500000011611
122.70000000011933
136.9000000001124
16.300000000099608
35.67500000009955
52.1750000001033
81.72500000011001
94.35000000011289
108.45000000011609
122.62500000011931
136.85000000011246
16.4250000000996
35.775000000099574
52.1750000001033
81.80000000011003
94.32500000011288
108.42500000011609
122.62500000011931
136.85000000011246
16.300000000099608
35.72500000009956
52.1750000001033
81.77500000011003
94.35000000011289
108.45000000011609
122.62500000011931
136.85000000011246
16.27500000009961
35.75000000009957
52.1750000001033
81.77500000011003
94.35000000011289
108.45000000011609
122.62500000011931
136.85000000011246
16.400000000099602
35.80000000009958
52.225000000103314
81.85000000011004
94.37500000011289
108.5000000001161
122.67500000011933
136.9000000001124
16.300000000099608
35.70000000009956
52.1500000001033
81.75000000011002
94.32500000011288
108.42500000011609
122.62500000011931
136.82500000011248
16.375000000099604
35.75000000009957
52.20000000010331
81.82500000011004
94.4000000001129
108.5000000001161
122.67500000011933
136.9000000001124
16.325000000099607
35.75000000009957
52.225000000103314
81.87500000011005
94.4250000001129
108.52500000011611
122.70000000011933
136.9250000001124
16.375000000099604
35.775000000099574
52.20000000010331
81.82500000011004
94.37500000011289
108.4750000001161
122.65000000011932
136.87500000011244
16.325000000099607
35.72500000009956
52.1500000001033
81.77500000011003
94.32500000011288
108.42500000011609
122.62500000011931
136.85000000011246
16.350000000099605
35.70000000009956
52.1750000001033
81.77500000011003
94.37500000011289
108.4750000001161
122.65000000011932
136.85000000011246
16.350000000099605
35.72500000009956
52.1750000001033
81.90000000011005
94.32500000011288
108.45000000011609
122.62500000011931
136.85000000011246
16.350000000099605
35.775000000099574
52.25000000010332
81.95000000011007
94.45000000011291
108.55000000011611
122.72500000011934
136.95000000011237
16.325000000099607
35.775000000099574
52.225000000103314
81.82500000011004
94.4000000001129
108.5000000001161
122.70000000011933
136.9000000001124
16.500000000099597
35.825000000099585
52.275000000103326
81.92500000011006
94.45000000011291
108.57500000011612
122.75000000011934
136.97500000011235
16.325000000099607
35.75000000009957
52.20000000010331
81.80000000011003
94.37500000011289
108.4750000001161
122.65000000011932
136.87500000011244
16.350000000099605
35.75000000009957
52.1750000001033
81.80000000011003
94.35000000011289
108.45000000011609
122.65000000011932
136.87500000011244
16.375000000099604
35.775000000099574
52.1750000001033
81.85000000011004
94.37500000011289
108.4750000001161
122.67500000011933
136.87500000011244
16.350000000099605
35.775000000099574
52.225000000103314
81.87500000011005
94.4250000001129
108.52500000011611
122.70000000011933
136.9250000001124
16.300000000099608
35.75000000009957
52.20000000010331
81.85000000011004
94.4000000001129
108.5000000001161
122.70000000011933
136.9000000001124
16.475000000099598
35.85000000009959
52.275000000103326
81.92500000011006
94.47500000011291
108.57500000011612
122.75000000011934
136.97500000011235
16.300000000099608
35.70000000009956
52.1500000001033
81.75000000011002
94.35000000011289
108.45000000011609
122.62500000011931
136.85000000011246
16.400000000099602
35.80000000009958
52.225000000103314
81.85000000011004
94.4000000001129
108.5000000001161
122.70000000011933
136.9000000001124
16.4250000000996
35.825000000099585
52.225000000103314
81.87500000011005
94.4250000001129
108.55000000011611
122.72500000011934
136.95000000011237
16.325000000099607
35.72500000009956
52.1750000001033
81.77500000011003
94.37500000011289
108.4750000001161
122.65000000011932
136.87500000011244
16.300000000099608
35.70000000009956
52.100000000103286
81.70000000011001
94.27500000011287
108.37500000011607
122.5500000001193
136.77500000011253
16.400000000099602
35.825000000099585
52.225000000103314
81.87500000011005
94.4000000001129
108.52500000011611
122.70000000011933
136.9250000001124
16.325000000099607
35.72500000009956
52.1750000001033
81.82500000011004
94.37500000011289
108.4750000001161
122.67500000011933
136.87500000011244
16.400000000099602
35.775000000099574
52.225000000103314
81.82500000011004
94.4000000001129
108.5000000001161
122.67500000011933
136.9000000001124
16.350000000099605
35.775000000099574
52.20000000010331
81.80000000011003
94.4000000001129
108.5000000001161
122.70000000011933
136.9000000001124
16.400000000099602
35.775000000099574
52.225000000103314
81.87500000011005
94.4250000001129
108.52500000011611
122.70000000011933
136.9250000001124
16.350000000099605
35.80000000009958
52.25000000010332
81.87500000011005
94.4250000001129
108.52500000011611
122.70000000011933
136.9250000001124
16.325000000099607
35.72500000009956
52.1500000001033
81.75000000011002
94.32500000011288
108.45000000011609
122.60000000011931
136.82500000011248
16.375000000099604
35.75000000009957
52.1750000001033
81.77500000011003
94.32500000011288
108.42500000011609
122.62500000011931
136.82500000011248
16.375000000099604
35.75000000009957
52.1750000001033
81.80000000011003
94.35000000011289
108.45000000011609
122.62500000011931
136.85000000011246
16.27500000009961
35.75000000009957
52.20000000010331
81.82500000011004
94.4250000001129
108.52500000011611
122.70000000011933
136.9000000001124
16.400000000099602
35.80000000009958
52.225000000103314
81.90000000011005
94.4000000001129
108.5000000001161
122.70000000011933
136.9250000001124
16.375000000099604
35.775000000099574
52.20000000010331
81.82500000011004
94.4000000001129
108.5000000001161
122.70000000011933
136.9000000001124
16.375000000099604
35.80000000009958
52.25000000010332
81.87500000011005
94.45000000011291
108.55000000011611
122.72500000011934
136.95000000011237
16.350000000099605
35.72500000009956
52.1500000001033
81.77500000011003
94.32500000011288
108.45000000011609
122.62500000011931
136.85000000011246
16.400000000099602
35.775000000099574
52.20000000010331
81.80000000011003
94.37500000011289
108.4750000001161
122.65000000011932
136.87500000011244
16.300000000099608
35.72500000009956
52.1500000001033
81.72500000011001
94.30000000011287
108.40000000011608
122.60000000011931
136.8000000001125
16.350000000099605
35.75000000009957
52.225000000103314
81.85000000011004
94.4000000001129
108.5000000001161
122.67500000011933
136.9000000001124
16.375000000099604
35.75000000009957
52.1500000001033
81.77500000011003
94.32500000011288
108.45000000011609
122.62500000011931
136.85000000011246
16.400000000099602
35.80000000009958
52.25000000010332
81.87500000011005
94.4250000001129
108.52500000011611
122.70000000011933
136.9250000001124
16.4500000000996
35.80000000009958
52.225000000103314
81.87500000011005
94.4000000001129
108.5000000001161
122.67500000011933
136.9000000001124
16.4250000000996
35.85000000009959
52.275000000103326
81.87500000011005
94.4250000001129
108.55000000011611
122.72500000011934
136.95000000011237
16.325000000099607
35.775000000099574
52.225000000103314
81.85000000011004
94.4250000001129
108.52500000011611
122.70000000011933
136.9250000001124
16.375000000099604
35.825000000099585
52.25000000010332
81.90000000011005
94.45000000011291
108.57500000011612
122.75000000011934
136.97500000011235
16.4250000000996
35.825000000099585
52.25000000010332
81.87500000011005
94.4250000001129
108.52500000011611
122.72500000011934
136.95000000011237
16.400000000099602
35.825000000099585
52.275000000103326
81.90000000011005
94.45000000011291
108.55000000011611
122.75000000011934
136.95000000011237
16.375000000099604
35.775000000099574
52.20000000010331
81.80000000011003
94.35000000011289
108.45000000011609
122.65000000011932
136.85000000011246
16.375000000099604
35.775000000099574
52.20000000010331
81.82500000011004
94.4000000001129
108.5000000001161
122.67500000011933
136.9000000001124
16.350000000099605
35.72500000009956
52.1750000001033
81.77500000011003
94.35000000011289
108.45000000011609
122.62500000011931
136.85000000011246
16.4500000000996
35.85000000009959
52.275000000103326
81.90000000011005
94.45000000011291
108.55000000011611
122.72500000011934
136.95000000011237
16.350000000099605
35.775000000099574
52.20000000010331
81.82500000011004
94.37500000011289
108.5000000001161
122.67500000011933
136.87500000011244
16.400000000099602
35.775000000099574
52.225000000103314
81.85000000011004
94.4000000001129
108.5000000001161
122.70000000011933
136.9250000001124
16.350000000099605
35.75000000009957
52.1750000001033
81.80000000011003
94.35000000011289
108.45000000011609
122.62500000011931
136.85000000011246
16.400000000099602
35.775000000099574
52.20000000010331
81.82500000011004
94.37500000011289
108.4750000001161
122.67500000011933
136.9000000001124
16.400000000099602
35.775000000099574
52.225000000103314
81.85000000011004
94.4000000001129
108.5000000001161
122.67500000011933
136.9000000001124
16.375000000099604
35.775000000099574
52.225000000103314
81.82500000011004
94.4000000001129
108.52500000011611
122.70000000011933
136.9000000001124
16.350000000099605
35.70000000009956
52.1500000001033
81.77500000011003
94.35000000011289
108.45000000011609
122.62500000011931
136.85000000011246
16.350000000099605
35.775000000099574
52.20000000010331
81.87500000011005
94.4250000001129
108.52500000011611
122.70000000011933
136.9250000001124
16.400000000099602
35.80000000009958
52.225000000103314
81.80000000011003
94.37500000011289
108.4750000001161
122.65000000011932
136.87500000011244
16.350000000099605
35.75000000009957
52.20000000010331
81.77500000011003
94.37500000011289
108.4750000001161
122.65000000011932
136.87500000011244
16.25000000009961
35.72500000009956
52.20000000010331
81.77500000011003
94.4000000001129
108.5000000001161
122.67500000011933
136.87500000011244
16.300000000099608
35.75000000009957
52.225000000103314
81.82500000011004
94.4250000001129
108.52500000011611
122.70000000011933
136.9000000001124
16.4250000000996
35.80000000009958
52.225000000103314
81.85000000011004
94.4250000001129
108.52500000011611
122.70000000011933
136.9250000001124
16.325000000099607
35.75000000009957
52.225000000103314
81.87500000011005
94.4250000001129
108.52500000011611
122.70000000011933
136.9250000001124
16.350000000099605
35.775000000099574
52.225000000103314
81.85000000011004
94.4000000001129
108.5000000001161
122.70000000011933
136.9000000001124
16.375000000099604
35.775000000099574
52.25000000010332
81.85000000011004
94.45000000011291
108.57500000011612
122.75000000011934
136.95000000011237
16.400000000099602
35.825000000099585
52.275000000103326
82.02500000011008
94.45000000011291
108.57500000011612
122.75000000011934
136.97500000011235
16.350000000099605
35.775000000099574
52.225000000103314
81.87500000011005
94.4250000001129
108.52500000011611
122.70000000011933
136.9250000001124
16.475000000099598
35.85000000009959
52.275000000103326
82.00000000011008
94.45000000011291
108.57500000011612
122.75000000011934
136.97500000011235
16.375000000099604
35.825000000099585
52.275000000103326
81.87500000011005
94.4250000001129
108.55000000011611
122.72500000011934
136.9250000001124
16.27500000009961
35.72500000009956
52.20000000010331
81.80000000011003
94.4000000001129
108.5000000001161
122.67500000011933
136.9000000001124
16.400000000099602
35.775000000099574
52.225000000103314
81.82500000011004
94.4000000001129
108.5000000001161
122.67500000011933
136.9000000001124
16.325000000099607
35.775000000099574
52.225000000103314
81.90000000011005
94.45000000011291
108.55000000011611
122.72500000011934
136.95000000011237
16.375000000099604
35.825000000099585
52.25000000010332
81.87500000011005
94.4250000001129
108.52500000011611
122.72500000011934
136.9250000001124
16.4250000000996
35.75000000009957
52.225000000103314
81.85000000011004
94.4250000001129
108.52500000011611
122.70000000011933
136.9250000001124
16.375000000099604
35.75000000009957
52.1750000001033
81.80000000011003
94.35000000011289
108.45000000011609
122.65000000011932
136.85000000011246
16.300000000099608
35.72500000009956
52.1750000001033
81.77500000011003
94.37500000011289
108.4750000001161
122.65000000011932
136.87500000011244
16.375000000099604
35.85000000009959
52.30000000010333
81.92500000011006
94.47500000011291
108.60000000011613
122.77500000011935
137.00000000011232
16.325000000099607
35.72500000009956
52.20000000010331
81.77500000011003
94.37500000011289
108.5000000001161
122.67500000011933
136.87500000011244
16.350000000099605
35.70000000009956
52.1500000001033
81.77500000011003
94.35000000011289
108.45000000011609
122.65000000011932
136.85000000011246
16.325000000099607
35.75000000009957
52.20000000010331
81.80000000011003
94.37500000011289
108.4750000001161
122.65000000011932
136.87500000011244
16.350000000099605
35.825000000099585
52.25000000010332
81.95000000011007
94.4250000001129
108.55000000011611
122.72500000011934
136.95000000011237
16.400000000099602
35.80000000009958
52.25000000010332
81.85000000011004
94.4000000001129
108.52500000011611
122.70000000011933
136.9250000001124
16.300000000099608
35.72500000009956
52.20000000010331
81.77500000011003
94.37500000011289
108.4750000001161
122.65000000011932
136.87500000011244
16.325000000099607
35.75000000009957
52.20000000010331
81.80000000011003
94.37500000011289
108.4750000001161
122.65000000011932
136.87500000011244
16.300000000099608
35.72500000009956
52.1500000001033
81.77500000011003
94.32500000011288
108.42500000011609
122.60000000011931
136.82500000011248
16.375000000099604
35.75000000009957
52.20000000010331
81.82500000011004
94.37500000011289
108.4750000001161
122.65000000011932
136.87500000011244
16.4250000000996
35.80000000009958
52.225000000103314
81.87500000011005
94.4250000001129
108.52500000011611
122.70000000011933
136.9250000001124
16.4250000000996
35.775000000099574
52.225000000103314
81.85000000011004
94.4000000001129
108.5000000001161
122.67500000011933
136.9000000001124
16.400000000099602
35.825000000099585
52.275000000103326
81.90000000011005
94.47500000011291
108.60000000011613
122.77500000011935
136.97500000011235
16.375000000099604
35.80000000009958
52.225000000103314
81.85000000011004
94.4250000001129
108.52500000011611
122.70000000011933
136.9000000001124
16.4500000000996
35.775000000099574
52.225000000103314
81.90000000011005
94.4000000001129
108.5000000001161
122.70000000011933
136.9000000001124
16.375000000099604
35.825000000099585
52.25000000010332
81.90000000011005
94.4250000001129
108.55000000011611
122.72500000011934
136.9250000001124
16.400000000099602
35.775000000099574
52.20000000010331
81.80000000011003
94.37500000011289
108.4750000001161
122.65000000011932
136.87500000011244
16.4500000000996
35.775000000099574
52.20000000010331
81.80000000011003
94.37500000011289
108.4750000001161
122.67500000011933
136.9000000001124
16.375000000099604
35.75000000009957
52.20000000010331
81.82500000011004
94.37500000011289
108.5000000001161
122.67500000011933
136.9000000001124
16.4250000000996
35.775000000099574
52.225000000103314
81.82500000011004
94.4000000001129
108.5000000001161
122.67500000011933
136.9000000001124
16.325000000099607
35.80000000009958
52.25000000010332
81.87500000011005
94.4250000001129
108.52500000011611
122.70000000011933
136.9250000001124
16.325000000099607
35.70000000009956
52.1500000001033
81.75000000011002
94.32500000011288
108.42500000011609
122.60000000011931
136.82500000011248
16.325000000099607
35.72500000009956
52.20000000010331
81.80000000011003
94.37500000011289
108.4750000001161
122.65000000011932
136.85000000011246
16.325000000099607
35.70000000009956
52.1500000001033
81.80000000011003
94.35000000011289
108.45000000011609
122.62500000011931
136.85000000011246
16.375000000099604
35.775000000099574
52.1750000001033
81.80000000011003
94.35000000011289
108.4750000001161
122.65000000011932
136.85000000011246
16.375000000099604
35.775000000099574
52.20000000010331
81.80000000011003
94.37500000011289
108.4750000001161
122.65000000011932
136.87500000011244
16.400000000099602
35.775000000099574
52.20000000010331
81.82500000011004
94.4000000001129
108.5000000001161
122.67500000011933
136.9000000001124
16.325000000099607
35.67500000009955
52.12500000010329
81.72500000011001
94.30000000011287
108.40000000011608
122.5750000001193
136.8000000001125
16.325000000099607
35.72500000009956
52.1750000001033
81.77500000011003
94.32500000011288
108.42500000011609
122.60000000011931
136.82500000011248
16.325000000099607
35.70000000009956
52.1500000001033
81.75000000011002
94.32500000011288
108.42500000011609
122.60000000011931
136.82500000011248
16.400000000099602
35.80000000009958
52.225000000103314
81.87500000011005
94.4000000001129
108.5000000001161
122.67500000011933
136.9000000001124
16.400000000099602
35.775000000099574
52.20000000010331
81.82500000011004
94.37500000011289
108.4750000001161
122.65000000011932
136.87500000011244
