14.775000000099695
16.25000000009961
17.625000000099533
31.37500000009875
44.225000000101495
56.82500000010436
58.40000000010472
70.55000000010747
83.30000000011037
95.2750000001131
108.82500000011618
119.32500000011856
130.07500000011862
145.07500000010498
14.800000000099693
16.300000000099608
17.600000000099534
31.25000000009876
44.10000000010147
56.52500000010429
58.15000000010466
70.45000000010745
83.10000000011033
94.75000000011298
108.72500000011615
118.90000000011847
130.1000000001186
144.97500000010507
14.775000000099695
16.27500000009961
17.625000000099533
27.52500000009897
31.300000000098755
44.27500000010151
56.72500000010434
58.35000000010471
70.60000000010749
83.4500000001104
95.20000000011308
108.85000000011618
119.17500000011853
130.45000000011828
145.1500000001049
14.800000000099693
16.325000000099607
17.600000000099534
27.67500000009896
31.325000000098754
44.50000000010156
46.52500000010202
57.375000000104485
70.75000000010752
83.57500000011044
95.77500000011321
109.00000000011622
119.65000000011864
131.22500000011757
145.45000000010464
147.00000000010323
14.825000000099692
16.350000000099605
17.625000000099533
31.300000000098755
44.225000000101495
56.70000000010433
58.300000000104696
70.40000000010744
83.20000000011035
95.12500000011306
108.72500000011615
119.00000000011849
130.4250000001183
145.00000000010505
14.825000000099692
16.325000000099607
17.67500000009953
27.575000000098967
31.37500000009875
44.2500000001015
56.65000000010432
58.250000000104684
70.60000000010749
83.20000000011035
95.20000000011308
108.87500000011619
119.12500000011852
130.12500000011858
145.07500000010498
14.800000000099693
16.300000000099608
17.65000000009953
31.125000000098765
44.050000000101456
56.5750000001043
58.20000000010467
70.37500000010743
83.05000000011032
94.75000000011298
108.65000000011614
130.2000000001185
144.9500000001051
14.775000000099695
16.25000000009961
17.575000000099536
31.37500000009875
44.350000000101524
57.30000000010447
58.775000000104804
70.6500000001075
83.32500000011038
95.52500000011315
108.87500000011619
119.45000000011859
130.60000000011814
145.30000000010477
146.85000000010336
14.775000000099695
16.27500000009961
17.575000000099536
31.175000000098763
44.225000000101495
56.75000000010434
58.35000000010471
70.50000000010746
83.20000000011035
95.3000000001131
108.70000000011615
119.15000000011852
130.02500000011867
145.00000000010505
14.825000000099692
16.325000000099607
17.575000000099536
27.67500000009896
31.20000000009876
44.37500000010153
57.375000000104485
70.72500000010751
83.52500000011042
95.42500000011313
108.87500000011619
119.45000000011859
130.35000000011837
145.3750000001047
146.9250000001033
14.800000000099693
16.300000000099608
17.600000000099534
27.70000000009896
31.350000000098753
44.15000000010148
56.72500000010434
58.3250000001047
70.6500000001075
83.20000000011035
95.3000000001131
108.82500000011618
119.17500000011853
130.45000000011828
145.2750000001048
14.775000000099695
16.25000000009961
17.625000000099533
31.20000000009876
44.27500000010151
57.0000000001044
58.55000000010475
70.62500000010749
83.32500000011038
95.40000000011312
108.82500000011618
119.32500000011856
130.30000000011842
145.1750000001049
146.72500000010348
14.825000000099692
16.325000000099607
17.67500000009953
31.20000000009876
44.225000000101495
57.10000000010442
58.600000000104764
70.6750000001075
83.72500000011047
95.57500000011316
108.85000000011618
119.25000000011855
130.92500000011785
145.3750000001047
146.9250000001033
14.800000000099693
16.325000000099607
17.600000000099534
27.575000000098967
31.37500000009875
44.12500000010147
56.625000000104315
58.22500000010468
70.42500000010745
83.27500000011037
94.95000000011302
108.75000000011616
118.87500000011846
130.57500000011817
144.97500000010507
14.85000000009969
16.350000000099605
17.625000000099533
27.600000000098966
31.275000000098757
44.20000000010149
56.72500000010434
58.3250000001047
70.55000000010747
83.20000000011035
95.12500000011306
108.80000000011617
119.12500000011852
130.07500000011862
145.050000000105
14.800000000099693
16.25000000009961
17.600000000099534
31.175000000098763
44.225000000101495
56.92500000010438
58.475000000104735
70.62500000010749
83.35000000011038
95.40000000011312
108.75000000011616
119.22500000011854
131.12500000011767
145.2750000001048
146.8250000001034
14.825000000099692
16.300000000099608
17.600000000099534
31.175000000098763
44.175000000101484
56.800000000104355
58.40000000010472
70.42500000010745
83.07500000011032
95.12500000011306
108.77500000011617
119.12500000011852
129.9750000001187
144.9500000001051
14.800000000099693
16.25000000009961
17.625000000099533
31.175000000098763
44.2500000001015
57.05000000010441
58.57500000010476
70.6750000001075
83.12500000011033
95.35000000011311
108.77500000011617
119.25000000011855
130.3250000001184
145.25000000010482
146.8000000001034
14.775000000099695
16.25000000009961
17.625000000099533
31.275000000098757
44.37500000010153
57.500000000104514
70.72500000010751
83.37500000011039
95.67500000011319
108.9000000001162
119.72500000011865
130.57500000011817
145.5000000001046
147.05000000010318
14.775000000099695
16.25000000009961
17.575000000099536
27.625000000098964
31.300000000098755
44.37500000010153
57.27500000010446
58.7500000001048
70.6750000001075
83.60000000011044
95.67500000011319
108.87500000011619
119.65000000011864
130.45000000011828
145.45000000010464
147.00000000010323
14.800000000099693
16.300000000099608
17.625000000099533
27.70000000009896
31.300000000098755
44.30000000010151
57.10000000010442
58.62500000010477
70.6500000001075
83.32500000011038
95.40000000011312
108.82500000011618
119.35000000011857
130.57500000011817
145.2750000001048
14.800000000099693
16.27500000009961
17.625000000099533
31.275000000098757
44.02500000010145
56.47500000010428
58.10000000010465
70.52500000010747
83.20000000011035
94.95000000011302
108.85000000011618
130.35000000011837
145.1750000001049
14.800000000099693
16.325000000099607
17.65000000009953
27.650000000098963
31.300000000098755
44.350000000101524
57.22500000010445
58.72500000010479
70.6500000001075
83.52500000011042
95.57500000011316
108.85000000011618
119.5000000001186
130.2000000001185
145.30000000010477
14.775000000099695
16.225000000099612
17.600000000099534
31.125000000098765
44.10000000010147
56.47500000010428
58.10000000010465
70.40000000010744
82.9500000001103
94.97500000011303
108.72500000011615
119.00000000011849
129.7750000001189
144.87500000010516
14.825000000099692
16.325000000099607
17.625000000099533
31.25000000009876
44.225000000101495
56.92500000010438
58.475000000104735
70.57500000010748
83.4500000001104
95.22500000011308
108.85000000011618
119.30000000011856
130.50000000011823
145.20000000010486
14.800000000099693
16.300000000099608
17.600000000099534
27.650000000098963
31.325000000098754
44.37500000010153
57.200000000104446
58.70000000010479
70.72500000010751
83.4250000001104
95.47500000011314
108.9000000001162
119.55000000011862
131.3000000001175
145.5000000001046
147.05000000010318
14.825000000099692
16.27500000009961
17.625000000099533
31.150000000098764
44.350000000101524
57.40000000010449
70.6750000001075
83.70000000011046
95.62500000011318
108.87500000011619
119.65000000011864
130.25000000011846
145.32500000010475
14.800000000099693
16.300000000099608
17.65000000009953
31.275000000098757
44.2500000001015
56.975000000104394
58.52500000010475
70.57500000010748
83.4250000001104
95.22500000011308
108.82500000011618
119.22500000011854
130.95000000011783
145.2750000001048
14.800000000099693
16.300000000099608
17.625000000099533
31.325000000098754
44.30000000010151
56.975000000104394
58.50000000010474
70.55000000010747
83.05000000011032
95.20000000011308
108.77500000011617
119.25000000011855
130.12500000011858
145.10000000010496
14.85000000009969
16.350000000099605
17.625000000099533
31.175000000098763
44.20000000010149
56.800000000104355
58.40000000010472
70.6500000001075
83.17500000011034
95.25000000011309
108.9000000001162
119.07500000011851
131.05000000011773
145.25000000010482
14.85000000009969
16.400000000099602
17.625000000099533
27.625000000098964
31.22500000009876
44.27500000010151
56.92500000010438
58.50000000010474
70.6750000001075
83.35000000011038
95.2750000001131
108.9000000001162
119.30000000011856
130.47500000011826
132.45000000011646
145.35000000010473
14.775000000099695
16.27500000009961
17.575000000099536
31.22500000009876
44.27500000010151
56.800000000104355
58.37500000010471
70.6750000001075
83.47500000011041
95.15000000011307
108.85000000011618
119.35000000011857
130.57500000011817
145.25000000010482
14.800000000099693
16.325000000099607
17.65000000009953
31.25000000009876
44.175000000101484
56.92500000010438
58.475000000104735
70.52500000010747
83.10000000011033
95.12500000011306
108.72500000011615
119.12500000011852
130.77500000011798
145.07500000010498
14.775000000099695
16.27500000009961
17.625000000099533
27.625000000098964
31.22500000009876
44.47500000010155
57.22500000010445
58.72500000010479
70.6500000001075
83.4000000001104
95.50000000011315
108.87500000011619
119.60000000011863
130.05000000011864
145.2750000001048
146.8250000001034
14.825000000099692
16.325000000099607
17.600000000099534
27.775000000098956
31.275000000098757
44.55000000010157
57.47500000010451
70.75000000010752
83.47500000011041
95.82500000011322
108.97500000011621
119.77500000011867
130.50000000011823
145.55000000010455
147.10000000010314
14.800000000099693
16.27500000009961
17.600000000099534
27.600000000098966
31.20000000009876
44.2500000001015
56.82500000010436
58.40000000010472
70.6500000001075
83.20000000011035
95.25000000011309
108.87500000011619
119.30000000011856
130.35000000011837
145.2750000001048
146.8250000001034
14.900000000099688
16.350000000099605
17.600000000099534
27.50000000009897
31.150000000098764
44.42500000010154
57.27500000010446
58.775000000104804
70.62500000010749
83.32500000011038
95.52500000011315
108.9250000001162
119.55000000011862
130.40000000011833
145.30000000010477
146.85000000010336
14.825000000099692
16.300000000099608
17.67500000009953
31.300000000098755
44.10000000010147
56.42500000010427
58.05000000010464
70.52500000010747
83.12500000011033
94.62500000011295
108.77500000011617
118.95000000011848
130.22500000011848
145.02500000010502
14.825000000099692
16.27500000009961
17.625000000099533
31.300000000098755
44.30000000010151
57.025000000104406
58.55000000010475
70.6750000001075
83.10000000011033
95.3250000001131
108.87500000011619
119.27500000011855
130.37500000011835
145.30000000010477
14.800000000099693
16.325000000099607
17.625000000099533
31.125000000098765
44.15000000010148
56.77500000010435
58.35000000010471
70.45000000010745
83.25000000011036
95.02500000011304
108.80000000011617
119.00000000011849
130.17500000011853
145.07500000010498
14.800000000099693
16.25000000009961
17.65000000009953
31.275000000098757
44.175000000101484
56.72500000010434
58.35000000010471
70.6750000001075
83.37500000011039
95.35000000011311
108.82500000011618
119.20000000011854
130.50000000011823
145.2750000001048
146.8250000001034
14.825000000099692
16.325000000099607
17.65000000009953
27.625000000098964
31.40000000009875
44.32500000010152
56.800000000104355
58.37500000010471
70.50000000010746
83.35000000011038
95.45000000011314
108.80000000011617
119.10000000011851
130.27500000011844
145.07500000010498
14.800000000099693
16.25000000009961
17.600000000099534
27.55000000009897
31.275000000098757
44.225000000101495
57.10000000010442
58.62500000010477
70.6750000001075
83.30000000011037
95.25000000011309
108.82500000011618
119.37500000011858
130.50000000011823
145.25000000010482
146.8000000001034
14.750000000099696
16.225000000099612
17.600000000099534
27.575000000098967
31.22500000009876
44.20000000010149
56.95000000010439
58.475000000104735
70.55000000010747
83.35000000011038
95.2750000001131
108.82500000011618
119.17500000011853
130.27500000011844
145.20000000010486
14.825000000099692
16.325000000099607
17.600000000099534
31.275000000098757
44.2500000001015
56.800000000104355
58.37500000010471
70.55000000010747
83.27500000011037
95.10000000011306
108.80000000011617
119.0250000001185
130.50000000011823
145.12500000010493
14.800000000099693
16.300000000099608
17.575000000099536
31.300000000098755
44.10000000010147
56.5750000001043
58.20000000010467
70.47500000010746
83.17500000011034
94.95000000011302
108.72500000011615
130.5250000001182
144.97500000010507
14.750000000099696
16.225000000099612
17.600000000099534
27.600000000098966
31.20000000009876
44.07500000010146
56.52500000010429
58.15000000010466
70.32500000010742
83.22500000011036
95.2750000001131
108.72500000011615
118.97500000011848
130.15000000011855
144.9500000001051
14.775000000099695
16.300000000099608
17.625000000099533
31.275000000098757
44.175000000101484
56.5750000001043
58.17500000010467
70.57500000010748
83.37500000011039
95.00000000011303
108.80000000011617
119.0250000001185
130.57500000011817
145.1500000001049
14.800000000099693
16.27500000009961
17.575000000099536
31.275000000098757
44.175000000101484
56.625000000104315
58.22500000010468
70.60000000010749
83.22500000011036
95.07500000011305
108.85000000011618
119.07500000011851
130.27500000011844
145.20000000010486
146.77500000010343
14.800000000099693
16.300000000099608
17.600000000099534
31.125000000098765
44.32500000010152
57.05000000010441
58.57500000010476
70.72500000010751
83.35000000011038
95.40000000011312
108.87500000011619
119.40000000011858
130.45000000011828
145.42500000010466
146.97500000010325
