13.500000000099767
43.15000000010125
63.02500000010577
79.42500000010949
97.25000000011354
13.525000000099766
43.125000000101245
63.050000000105776
79.42500000010949
97.25000000011354
13.500000000099767
43.125000000101245
63.050000000105776
79.42500000010949
97.27500000011355
13.575000000099763
43.20000000010126
63.10000000010579
79.50000000010951
97.0500000001135
13.550000000099764
43.15000000010125
63.07500000010578
79.42500000010949
97.15000000011352
13.550000000099764
43.17500000010126
63.07500000010578
79.40000000010949
97.35000000011357
13.525000000099766
43.15000000010125
63.050000000105776
79.4500000001095
97.10000000011351
13.525000000099766
43.125000000101245
63.02500000010577
79.37500000010948
97.00000000011349
13.500000000099767
43.10000000010124
63.02500000010577
79.40000000010949
96.92500000011347
13.550000000099764
43.17500000010126
63.10000000010579
79.50000000010951
97.15000000011352
13.550000000099764
43.17500000010126
63.07500000010578
79.37500000010948
97.27500000011355
13.600000000099762
43.20000000010126
63.10000000010579
79.4500000001095
97.20000000011353
13.550000000099764
43.17500000010126
63.07500000010578
79.37500000010948
97.32500000011356
13.550000000099764
43.125000000101245
63.050000000105776
79.4500000001095
97.22500000011354
13.550000000099764
43.17500000010126
63.050000000105776
79.4500000001095
97.17500000011353
13.500000000099767
43.15000000010125
63.02500000010577
79.37500000010948
97.30000000011356
13.575000000099763
43.17500000010126
63.10000000010579
79.4750000001095
97.45000000011359
13.500000000099767
43.125000000101245
63.02500000010577
79.4750000001095
97.0500000001135
13.550000000099764
43.20000000010126
63.07500000010578
79.4750000001095
97.17500000011353
13.575000000099763
43.17500000010126
63.10000000010579
79.4500000001095
97.10000000011351
13.550000000099764
43.17500000010126
63.07500000010578
79.4500000001095
97.25000000011354
13.550000000099764
43.17500000010126
63.050000000105776
79.40000000010949
97.32500000011356
13.45000000009977
43.05000000010123
62.97500000010576
79.27500000010946
97.25000000011354
13.500000000099767
43.125000000101245
63.02500000010577
79.40000000010949
96.97500000011348
13.475000000099769
43.10000000010124
63.000000000105764
79.42500000010949
97.10000000011351
13.525000000099766
43.15000000010125
63.050000000105776
79.4500000001095
97.20000000011353
13.525000000099766
43.10000000010124
63.050000000105776
79.42500000010949
97.20000000011353
13.525000000099766
43.15000000010125
63.07500000010578
79.42500000010949
97.25000000011354
13.525000000099766
43.17500000010126
63.050000000105776
79.4500000001095
97.12500000011352
13.500000000099767
43.10000000010124
63.02500000010577
79.37500000010948
97.22500000011354
13.500000000099767
43.125000000101245
63.050000000105776
79.4500000001095
97.17500000011353
13.525000000099766
43.125000000101245
63.050000000105776
79.42500000010949
97.0750000001135
13.650000000099759
43.27500000010128
63.1500000001058
79.55000000010952
97.25000000011354
13.575000000099763
43.17500000010126
63.10000000010579
79.4500000001095
97.37500000011357
13.575000000099763
43.17500000010126
63.10000000010579
79.52500000010951
97.17500000011353
13.525000000099766
43.125000000101245
63.050000000105776
79.40000000010949
97.15000000011352
13.575000000099763
43.17500000010126
63.07500000010578
79.4750000001095
97.10000000011351
13.550000000099764
43.17500000010126
63.07500000010578
79.4500000001095
97.30000000011356
13.525000000099766
43.10000000010124
63.050000000105776
79.37500000010948
97.25000000011354
13.525000000099766
43.15000000010125
63.02500000010577
79.40000000010949
97.25000000011354
13.575000000099763
43.17500000010126
63.07500000010578
79.4500000001095
97.17500000011353
13.525000000099766
43.15000000010125
63.050000000105776
79.35000000010947
97.27500000011355
13.525000000099766
43.15000000010125
63.050000000105776
79.37500000010948
97.25000000011354
13.525000000099766
43.15000000010125
63.07500000010578
79.42500000010949
97.40000000011358
13.600000000099762
43.20000000010126
63.10000000010579
79.50000000010951
97.25000000011354
13.575000000099763
43.17500000010126
63.10000000010579
79.4500000001095
97.30000000011356
13.550000000099764
43.17500000010126
63.07500000010578
79.50000000010951
97.22500000011354
13.62500000009976
43.22500000010127
63.1500000001058
79.52500000010951
97.37500000011357
13.600000000099762
43.22500000010127
63.12500000010579
79.50000000010951
97.35000000011357
13.550000000099764
43.15000000010125
63.07500000010578
79.37500000010948
97.32500000011356
13.500000000099767
43.125000000101245
63.02500000010577
79.42500000010949
97.32500000011356
13.575000000099763
43.17500000010126
63.07500000010578
79.42500000010949
97.27500000011355
13.575000000099763
43.17500000010126
63.07500000010578
79.42500000010949
97.42500000011358
13.500000000099767
43.075000000101234
63.000000000105764
79.40000000010949
96.80000000011344
13.550000000099764
43.15000000010125
63.050000000105776
79.42500000010949
97.15000000011352
13.525000000099766
43.125000000101245
63.050000000105776
79.40000000010949
97.20000000011353
13.525000000099766
43.17500000010126
63.050000000105776
79.42500000010949
97.27500000011355
13.550000000099764
43.15000000010125
63.07500000010578
79.42500000010949
97.30000000011356
13.62500000009976
43.250000000101274
63.1500000001058
79.57500000010953
97.00000000011349
13.475000000099769
43.075000000101234
63.02500000010577
79.35000000010947
97.12500000011352
13.550000000099764
43.15000000010125
63.07500000010578
79.42500000010949
97.17500000011353
13.575000000099763
43.20000000010126
63.10000000010579
79.42500000010949
97.32500000011356
13.600000000099762
43.20000000010126
63.10000000010579
79.52500000010951
97.32500000011356
13.550000000099764
43.17500000010126
63.050000000105776
79.4500000001095
97.27500000011355
13.575000000099763
43.17500000010126
63.07500000010578
79.42500000010949
97.27500000011355
13.525000000099766
43.15000000010125
63.050000000105776
79.37500000010948
97.20000000011353
13.525000000099766
43.15000000010125
63.050000000105776
79.40000000010949
97.22500000011354
13.550000000099764
43.15000000010125
63.050000000105776
79.4750000001095
97.00000000011349
13.500000000099767
43.125000000101245
63.02500000010577
79.40000000010949
97.17500000011353
13.600000000099762
43.20000000010126
63.12500000010579
79.4750000001095
97.30000000011356
13.600000000099762
43.22500000010127
63.12500000010579
79.50000000010951
97.30000000011356
13.575000000099763
43.20000000010126
63.10000000010579
79.50000000010951
97.12500000011352
13.575000000099763
43.20000000010126
63.10000000010579
79.4750000001095
97.37500000011357
13.525000000099766
43.125000000101245
63.050000000105776
79.42500000010949
97.0500000001135
13.500000000099767
43.125000000101245
63.02500000010577
79.40000000010949
97.30000000011356
13.525000000099766
43.15000000010125
63.02500000010577
79.42500000010949
97.17500000011353
13.650000000099759
43.27500000010128
63.175000000105804
79.60000000010953
97.37500000011357
13.62500000009976
43.250000000101274
63.12500000010579
79.52500000010951
97.42500000011358
13.575000000099763
43.17500000010126
63.10000000010579
79.50000000010951
97.52500000011361
13.62500000009976
43.27500000010128
63.12500000010579
79.52500000010951
97.17500000011353
13.45000000009977
43.075000000101234
62.97500000010576
79.35000000010947
96.95000000011348
13.550000000099764
43.17500000010126
63.07500000010578
79.40000000010949
97.20000000011353
13.550000000099764
43.15000000010125
63.07500000010578
79.40000000010949
97.30000000011356
13.575000000099763
43.20000000010126
63.07500000010578
79.42500000010949
97.12500000011352
13.550000000099764
43.15000000010125
63.07500000010578
79.4750000001095
97.27500000011355
13.525000000099766
43.15000000010125
63.07500000010578
79.4500000001095
97.25000000011354
13.500000000099767
43.125000000101245
63.000000000105764
79.37500000010948
97.15000000011352
13.45000000009977
43.05000000010123
63.000000000105764
79.35000000010947
97.0750000001135
13.600000000099762
43.20000000010126
63.10000000010579
79.4750000001095
97.35000000011357
13.575000000099763
43.20000000010126
63.10000000010579
79.50000000010951
97.32500000011356
13.525000000099766
43.17500000010126
63.050000000105776
79.42500000010949
97.32500000011356
13.575000000099763
43.17500000010126
63.07500000010578
79.4500000001095
97.42500000011358
13.525000000099766
43.15000000010125
63.050000000105776
79.4750000001095
97.0250000001135
13.600000000099762
43.20000000010126
63.12500000010579
79.4750000001095
97.17500000011353
13.550000000099764
43.17500000010126
63.10000000010579
79.4500000001095
97.25000000011354
13.550000000099764
43.17500000010126
63.07500000010578
79.50000000010951
97.12500000011352
13.525000000099766
43.15000000010125
63.050000000105776
79.40000000010949
97.32500000011356
13.575000000099763
43.20000000010126
63.10000000010579
79.4750000001095
97.30000000011356
13.525000000099766
43.125000000101245
63.050000000105776
79.4750000001095
97.15000000011352
13.575000000099763
43.22500000010127
63.10000000010579
79.50000000010951
97.32500000011356
