17.100000000099563
36.225000000099676
52.275000000103326
66.65000000010659
80.07500000010964
94.22500000011286
108.30000000011606
122.47500000011928
136.67500000011262
17.100000000099563
36.20000000009967
52.25000000010332
66.67500000010659
80.12500000010965
94.20000000011285
108.27500000011605
122.45000000011927
136.67500000011262
17.15000000009956
36.25000000009968
52.30000000010333
66.67500000010659
80.07500000010964
94.25000000011286
108.32500000011606
122.50000000011929
136.7000000001126
17.12500000009956
36.25000000009968
52.32500000010334
66.7000000001066
80.15000000010966
94.27500000011287
108.35000000011607
122.52500000011929
136.72500000011257
17.100000000099563
36.175000000099665
52.25000000010332
66.62500000010658
80.05000000010963
94.17500000011285
108.25000000011605
122.45000000011927
136.65000000011264
17.050000000099566
36.175000000099665
52.25000000010332
66.62500000010658
80.12500000010965
94.20000000011285
108.27500000011605
122.45000000011927
136.67500000011262
17.075000000099564
36.20000000009967
52.25000000010332
66.65000000010659
80.05000000010963
94.20000000011285
108.27500000011605
122.45000000011927
136.65000000011264
17.12500000009956
36.25000000009968
52.30000000010333
66.65000000010659
80.02500000010963
94.22500000011286
108.30000000011606
122.47500000011928
136.67500000011262
17.100000000099563
36.175000000099665
52.25000000010332
66.67500000010659
80.15000000010966
94.20000000011285
108.27500000011605
122.47500000011928
136.67500000011262
17.075000000099564
36.15000000009966
52.225000000103314
66.62500000010658
80.10000000010965
94.17500000011285
108.25000000011605
122.45000000011927
136.65000000011264
17.100000000099563
36.20000000009967
52.25000000010332
66.62500000010658
80.10000000010965
94.20000000011285
108.27500000011605
122.45000000011927
136.65000000011264
17.100000000099563
36.175000000099665
52.225000000103314
66.62500000010658
80.07500000010964
94.17500000011285
108.25000000011605
122.42500000011927
136.62500000011266
17.100000000099563
36.225000000099676
52.275000000103326
66.65000000010659
80.12500000010965
94.22500000011286
108.30000000011606
122.47500000011928
136.7000000001126
17.12500000009956
36.20000000009967
52.275000000103326
66.67500000010659
80.10000000010965
94.22500000011286
108.30000000011606
122.47500000011928
136.67500000011262
17.15000000009956
36.25000000009968
52.30000000010333
66.7000000001066
80.12500000010965
94.25000000011286
108.32500000011606
122.50000000011929
136.7000000001126
17.050000000099566
36.10000000009965
52.1750000001033
66.57500000010657
80.10000000010965
94.12500000011283
108.20000000011603
122.37500000011926
136.6000000001127
17.12500000009956
36.20000000009967
52.275000000103326
66.65000000010659
80.10000000010965
94.22500000011286
108.27500000011605
122.45000000011927
136.67500000011262
17.100000000099563
36.20000000009967
52.30000000010333
66.67500000010659
80.25000000010968
94.25000000011286
108.32500000011606
122.50000000011929
136.72500000011257
17.12500000009956
36.225000000099676
52.30000000010333
66.7000000001066
80.15000000010966
94.25000000011286
108.32500000011606
122.50000000011929
136.72500000011257
17.12500000009956
36.225000000099676
52.30000000010333
66.67500000010659
80.15000000010966
94.22500000011286
108.30000000011606
122.47500000011928
136.7000000001126
17.12500000009956
36.225000000099676
52.30000000010333
66.7000000001066
80.15000000010966
94.25000000011286
108.32500000011606
122.50000000011929
136.72500000011257
17.100000000099563
36.20000000009967
52.275000000103326
66.65000000010659
80.05000000010963
94.20000000011285
108.27500000011605
122.45000000011927
136.65000000011264
17.075000000099564
36.175000000099665
52.25000000010332
66.65000000010659
80.17500000010966
94.20000000011285
108.27500000011605
122.45000000011927
136.67500000011262
17.075000000099564
36.15000000009966
52.25000000010332
66.62500000010658
80.12500000010965
94.20000000011285
108.27500000011605
122.45000000011927
136.65000000011264
17.12500000009956
36.20000000009967
52.25000000010332
66.65000000010659
80.10000000010965
94.20000000011285
108.27500000011605
122.42500000011927
136.65000000011264
17.075000000099564
36.175000000099665
52.25000000010332
66.62500000010658
80.07500000010964
94.20000000011285
108.25000000011605
122.42500000011927
136.65000000011264
17.050000000099566
36.125000000099654
52.225000000103314
66.60000000010658
80.07500000010964
94.17500000011285
108.25000000011605
122.42500000011927
136.65000000011264
17.100000000099563
36.20000000009967
52.275000000103326
66.65000000010659
80.15000000010966
94.20000000011285
108.27500000011605
122.47500000011928
136.67500000011262
17.15000000009956
36.25000000009968
52.30000000010333
66.67500000010659
80.05000000010963
94.25000000011286
108.32500000011606
122.47500000011928
136.7000000001126
17.15000000009956
36.25000000009968
52.30000000010333
66.67500000010659
80.07500000010964
94.22500000011286
108.30000000011606
122.47500000011928
136.67500000011262
17.15000000009956
36.20000000009967
52.25000000010332
66.65000000010659
80.05000000010963
94.20000000011285
108.27500000011605
122.45000000011927
136.65000000011264
17.12500000009956
36.225000000099676
52.30000000010333
66.67500000010659
80.12500000010965
94.25000000011286
108.32500000011606
122.50000000011929
136.7000000001126
17.075000000099564
36.15000000009966
52.225000000103314
66.60000000010658
80.10000000010965
94.17500000011285
108.25000000011605
122.42500000011927
136.65000000011264
17.050000000099566
36.15000000009966
52.225000000103314
66.60000000010658
80.05000000010963
94.17500000011285
108.25000000011605
122.42500000011927
136.65000000011264
17.075000000099564
36.125000000099654
52.20000000010331
66.60000000010658
80.05000000010963
94.15000000011284
108.22500000011604
122.40000000011926
136.62500000011266
17.15000000009956
36.225000000099676
52.32500000010334
66.7000000001066
80.12500000010965
94.25000000011286
108.35000000011607
122.52500000011929
136.72500000011257
17.100000000099563
36.175000000099665
52.25000000010332
66.62500000010658
80.05000000010963
94.20000000011285
108.25000000011605
122.45000000011927
136.65000000011264
17.17500000009956
36.20000000009967
52.30000000010333
66.7000000001066
80.12500000010965
94.25000000011286
108.32500000011606
122.50000000011929
136.7000000001126
17.100000000099563
36.175000000099665
52.25000000010332
66.67500000010659
80.15000000010966
94.20000000011285
108.27500000011605
122.45000000011927
136.67500000011262
17.100000000099563
36.20000000009967
52.275000000103326
66.65000000010659
80.15000000010966
94.22500000011286
108.30000000011606
122.47500000011928
136.7000000001126
17.17500000009956
36.25000000009968
52.30000000010333
66.7000000001066
80.10000000010965
94.25000000011286
108.32500000011606
122.47500000011928
136.7000000001126
17.100000000099563
36.225000000099676
52.30000000010333
66.67500000010659
80.15000000010966
94.25000000011286
108.32500000011606
122.50000000011929
136.7000000001126
17.075000000099564
36.15000000009966
52.25000000010332
66.65000000010659
80.17500000010966
94.20000000011285
108.27500000011605
122.45000000011927
136.67500000011262
17.100000000099563
36.25000000009968
52.30000000010333
66.67500000010659
80.10000000010965
94.22500000011286
108.30000000011606
122.47500000011928
136.7000000001126
17.12500000009956
36.225000000099676
52.275000000103326
66.65000000010659
80.10000000010965
94.22500000011286
108.27500000011605
122.47500000011928
136.67500000011262
17.100000000099563
36.20000000009967
52.30000000010333
66.67500000010659
80.15000000010966
94.25000000011286
108.30000000011606
122.50000000011929
136.7000000001126
17.050000000099566
36.125000000099654
52.225000000103314
66.60000000010658
80.10000000010965
94.17500000011285
108.25000000011605
122.42500000011927
136.65000000011264
17.100000000099563
36.175000000099665
52.25000000010332
66.62500000010658
80.10000000010965
94.20000000011285
108.25000000011605
122.45000000011927
136.65000000011264
17.100000000099563
36.25000000009968
52.30000000010333
66.65000000010659
80.10000000010965
94.22500000011286
108.30000000011606
122.47500000011928
136.67500000011262
17.100000000099563
36.175000000099665
52.25000000010332
66.62500000010658
80.15000000010966
94.20000000011285
108.27500000011605
122.45000000011927
136.67500000011262
17.12500000009956
36.225000000099676
52.30000000010333
66.7000000001066
80.20000000010967
94.25000000011286
108.32500000011606
122.50000000011929
136.7000000001126
17.100000000099563
36.20000000009967
52.275000000103326
66.7000000001066
80.22500000010967
94.22500000011286
108.32500000011606
122.50000000011929
136.7000000001126
17.12500000009956
36.225000000099676
52.275000000103326
66.67500000010659
80.10000000010965
94.22500000011286
108.30000000011606
122.47500000011928
136.67500000011262
17.050000000099566
36.125000000099654
52.20000000010331
66.60000000010658
80.07500000010964
94.15000000011284
108.22500000011604
122.40000000011926
136.62500000011266
17.100000000099563
36.20000000009967
52.275000000103326
66.67500000010659
80.15000000010966
94.22500000011286
108.30000000011606
122.47500000011928
136.7000000001126
17.12500000009956
36.225000000099676
52.275000000103326
66.65000000010659
80.12500000010965
94.22500000011286
108.30000000011606
122.47500000011928
136.67500000011262
17.075000000099564
36.125000000099654
52.20000000010331
66.60000000010658
80.02500000010963
94.15000000011284
108.22500000011604
122.40000000011926
136.6000000001127
17.100000000099563
36.20000000009967
52.275000000103326
66.65000000010659
80.10000000010965
94.20000000011285
108.27500000011605
122.45000000011927
136.65000000011264
17.12500000009956
36.225000000099676
52.275000000103326
66.65000000010659
80.07500000010964
94.20000000011285
108.30000000011606
122.47500000011928
136.67500000011262
17.12500000009956
36.175000000099665
52.275000000103326
66.67500000010659
80.22500000010967
94.22500000011286
108.30000000011606
122.50000000011929
136.7000000001126
17.050000000099566
36.125000000099654
52.20000000010331
66.60000000010658
80.10000000010965
94.15000000011284
108.22500000011604
122.42500000011927
136.62500000011266
17.12500000009956
36.225000000099676
52.275000000103326
66.67500000010659
80.12500000010965
94.22500000011286
108.30000000011606
122.47500000011928
136.67500000011262
17.025000000099567
36.125000000099654
52.20000000010331
66.57500000010657
80.10000000010965
94.12500000011283
108.20000000011603
122.40000000011926
136.6000000001127
17.050000000099566
36.15000000009966
52.225000000103314
66.62500000010658
80.12500000010965
94.17500000011285
108.25000000011605
122.42500000011927
136.65000000011264
17.12500000009956
36.20000000009967
52.275000000103326
66.67500000010659
80.12500000010965
94.22500000011286
108.30000000011606
122.47500000011928
136.67500000011262
17.075000000099564
36.15000000009966
52.225000000103314
66.62500000010658
80.12500000010965
94.17500000011285
108.25000000011605
122.42500000011927
136.65000000011264
17.12500000009956
36.20000000009967
52.275000000103326
66.67500000010659
80.12500000010965
94.22500000011286
108.30000000011606
122.47500000011928
136.67500000011262
17.100000000099563
36.20000000009967
52.275000000103326
66.67500000010659
80.12500000010965
94.22500000011286
108.30000000011606
122.47500000011928
136.67500000011262
17.12500000009956
36.20000000009967
52.275000000103326
66.67500000010659
80.17500000010966
94.22500000011286
108.30000000011606
122.47500000011928
136.7000000001126
17.12500000009956
36.20000000009967
52.25000000010332
66.65000000010659
80.05000000010963
94.17500000011285
108.25000000011605
122.42500000011927
136.62500000011266
17.075000000099564
36.15000000009966
52.225000000103314
66.62500000010658
80.15000000010966
94.17500000011285
108.27500000011605
122.45000000011927
136.65000000011264
17.100000000099563
36.20000000009967
52.275000000103326
66.65000000010659
80.17500000010966
94.22500000011286
108.30000000011606
122.47500000011928
136.7000000001126
17.100000000099563
36.175000000099665
52.25000000010332
66.65000000010659
80.10000000010965
94.20000000011285
108.27500000011605
122.45000000011927
136.67500000011262
17.12500000009956
36.25000000009968
52.30000000010333
66.7000000001066
80.20000000010967
94.25000000011286
108.32500000011606
122.50000000011929
136.7000000001126
17.075000000099564
36.20000000009967
52.275000000103326
66.67500000010659
80.22500000010967
94.22500000011286
108.30000000011606
122.47500000011928
136.7000000001126
17.100000000099563
36.225000000099676
52.275000000103326
66.65000000010659
80.02500000010963
94.22500000011286
108.30000000011606
122.47500000011928
136.67500000011262
17.075000000099564
36.15000000009966
52.25000000010332
66.62500000010658
80.10000000010965
94.17500000011285
108.25000000011605
122.45000000011927
136.65000000011264
17.075000000099564
36.15000000009966
52.20000000010331
66.60000000010658
80.07500000010964
94.15000000011284
108.22500000011604
122.40000000011926
136.6000000001127
17.100000000099563
36.175000000099665
52.25000000010332
66.62500000010658
80.07500000010964
94.20000000011285
108.27500000011605
122.45000000011927
136.65000000011264
17.12500000009956
36.225000000099676
52.275000000103326
66.62500000010658
80.10000000010965
94.20000000011285
108.27500000011605
122.45000000011927
136.67500000011262
17.100000000099563
36.175000000099665
52.25000000010332
66.67500000010659
80.17500000010966
94.22500000011286
108.30000000011606
122.47500000011928
136.67500000011262
17.100000000099563
36.20000000009967
52.25000000010332
66.65000000010659
80.15000000010966
94.20000000011285
108.27500000011605
122.45000000011927
136.65000000011264
17.12500000009956
36.175000000099665
52.25000000010332
66.65000000010659
80.15000000010966
94.20000000011285
108.27500000011605
122.45000000011927
136.67500000011262
17.15000000009956
36.225000000099676
52.30000000010333
66.7000000001066
80.17500000010966
94.27500000011287
108.32500000011606
122.52500000011929
136.72500000011257
17.12500000009956
36.25000000009968
52.30000000010333
66.67500000010659
80.07500000010964
94.22500000011286
108.30000000011606
122.47500000011928
136.67500000011262
17.075000000099564
36.175000000099665
52.25000000010332
66.65000000010659
80.12500000010965
94.20000000011285
108.27500000011605
122.45000000011927
136.67500000011262
17.12500000009956
36.225000000099676
52.275000000103326
66.67500000010659
80.07500000010964
94.22500000011286
108.30000000011606
122.47500000011928
136.67500000011262
17.075000000099564
36.125000000099654
52.20000000010331
66.62500000010658
80.12500000010965
94.15000000011284
108.25000000011605
122.42500000011927
136.62500000011266
17.100000000099563
36.225000000099676
52.275000000103326
66.67500000010659
80.12500000010965
94.22500000011286
108.30000000011606
122.47500000011928
136.67500000011262
17.12500000009956
36.25000000009968
52.32500000010334
66.7000000001066
80.12500000010965
94.25000000011286
108.32500000011606
122.50000000011929
136.7000000001126
17.100000000099563
36.225000000099676
52.30000000010333
66.67500000010659
80.15000000010966
94.27500000011287
108.32500000011606
122.52500000011929
136.72500000011257
17.15000000009956
36.225000000099676
52.30000000010333
66.7250000001066
80.15000000010966
94.25000000011286
108.32500000011606
122.50000000011929
136.7000000001126
17.025000000099567
36.15000000009966
52.225000000103314
66.60000000010658
80.10000000010965
94.17500000011285
108.25000000011605
122.45000000011927
136.65000000011264
17.100000000099563
36.15000000009966
52.25000000010332
66.62500000010658
80.07500000010964
94.20000000011285
108.27500000011605
122.45000000011927
136.65000000011264
17.100000000099563
36.175000000099665
52.225000000103314
66.65000000010659
80.10000000010965
94.17500000011285
108.25000000011605
122.42500000011927
136.65000000011264
17.100000000099563
36.175000000099665
52.25000000010332
66.65000000010659
80.07500000010964
94.20000000011285
108.27500000011605
122.45000000011927
136.65000000011264
17.100000000099563
36.175000000099665
52.25000000010332
66.62500000010658
80.05000000010963
94.17500000011285
108.25000000011605
122.42500000011927
136.65000000011264
17.100000000099563
36.15000000009966
52.225000000103314
66.65000000010659
80.07500000010964
94.17500000011285
108.25000000011605
122.42500000011927
136.65000000011264
17.15000000009956
36.175000000099665
52.25000000010332
66.67500000010659
80.10000000010965
94.20000000011285
108.27500000011605
122.45000000011927
136.67500000011262
17.050000000099566
36.125000000099654
52.20000000010331
66.60000000010658
80.07500000010964
94.17500000011285
108.25000000011605
122.42500000011927
136.62500000011266
