6.975000000100065
24.575000000099138
43.20000000010126
59.525000000104974
74.80000000010844
100.50000000011428
115.32500000011765
131.37500000011744
7.32500000010007
24.675000000099132
43.300000000101285
59.625000000105
74.82500000010845
100.6000000001143
115.42500000011768
130.82500000011794
6.900000000100064
24.52500000009914
43.15000000010125
59.47500000010496
74.72500000010842
100.42500000011427
115.25000000011764
130.77500000011798
6.850000000100064
24.625000000099135
43.250000000101274
59.575000000104986
74.77500000010843
100.52500000011429
115.35000000011766
130.85000000011792
7.000000000100066
24.625000000099135
43.250000000101274
59.575000000104986
74.80000000010844
100.5500000001143
115.37500000011767
130.70000000011805
6.975000000100065
24.625000000099135
43.27500000010128
59.60000000010499
74.87500000010846
100.5500000001143
115.40000000011767
131.60000000011723
7.175000000100068
24.650000000099134
43.27500000010128
59.60000000010499
74.82500000010845
100.5750000001143
115.42500000011768
130.82500000011794
7.150000000100068
24.600000000099136
43.250000000101274
59.575000000104986
74.85000000010845
100.5500000001143
115.37500000011767
7.000000000100066
24.625000000099135
43.250000000101274
59.575000000104986
74.85000000010845
100.5500000001143
115.37500000011767
131.55000000011728
7.4750000001000725
24.600000000099136
43.22500000010127
59.55000000010498
74.82500000010845
100.50000000011428
115.35000000011766
132.10000000011678
6.875000000100064
24.575000000099138
43.22500000010127
59.55000000010498
74.77500000010843
100.50000000011428
115.35000000011766
131.40000000011742
7.075000000100067
24.600000000099136
43.250000000101274
59.575000000104986
74.80000000010844
100.5500000001143
115.37500000011767
130.9750000001178
6.950000000100065
24.625000000099135
43.250000000101274
59.575000000104986
74.80000000010844
100.5500000001143
115.37500000011767
131.12500000011767
7.000000000100066
24.650000000099134
43.300000000101285
59.625000000105
74.77500000010843
100.6000000001143
115.42500000011768
130.5250000001182
7.000000000100066
24.650000000099134
43.27500000010128
59.60000000010499
74.80000000010844
100.5750000001143
115.40000000011767
131.25000000011755
7.025000000100066
24.675000000099132
43.300000000101285
59.625000000105
74.87500000010846
100.6000000001143
115.42500000011768
132.8500000001161
6.900000000100064
24.625000000099135
43.250000000101274
59.575000000104986
74.87500000010846
100.5500000001143
115.37500000011767
131.55000000011728
6.900000000100064
24.650000000099134
43.27500000010128
59.60000000010499
74.87500000010846
100.5750000001143
115.40000000011767
130.85000000011792
6.975000000100065
24.625000000099135
43.27500000010128
59.60000000010499
74.87500000010846
100.5750000001143
115.40000000011767
131.72500000011712
7.250000000100069
24.625000000099135
43.250000000101274
59.575000000104986
74.77500000010843
100.5500000001143
115.35000000011766
130.6500000001181
7.5500000001000735
24.70000000009913
43.350000000101296
59.67500000010501
74.87500000010846
100.65000000011432
115.47500000011769
130.92500000011785
6.850000000100064
24.675000000099132
43.300000000101285
59.625000000105
74.87500000010846
100.6000000001143
115.42500000011768
131.90000000011696
7.100000000100067
24.55000000009914
43.20000000010126
59.525000000104974
74.77500000010843
100.47500000011428
115.30000000011765
130.80000000011796
7.025000000100066
24.600000000099136
43.22500000010127
59.55000000010498
74.77500000010843
100.52500000011429
115.32500000011765
131.17500000011762
7.150000000100068
24.675000000099132
43.300000000101285
59.625000000105
74.85000000010845
100.6000000001143
115.42500000011768
130.50000000011823
7.000000000100066
24.600000000099136
43.250000000101274
59.55000000010498
74.77500000010843
100.5500000001143
115.35000000011766
130.5500000001182
7.100000000100067
24.625000000099135
43.27500000010128
59.60000000010499
74.77500000010843
100.5750000001143
115.37500000011767
130.5250000001182
7.9000000001000785
24.625000000099135
43.250000000101274
59.575000000104986
74.82500000010845
100.5500000001143
115.37500000011767
131.00000000011778
7.27500000010007
24.52500000009914
43.17500000010126
59.47500000010496
74.70000000010842
100.45000000011427
115.27500000011764
130.3250000001184
7.400000000100071
24.625000000099135
43.27500000010128
59.60000000010499
74.85000000010845
100.5500000001143
115.37500000011767
131.02500000011776
6.950000000100065
24.600000000099136
43.22500000010127
59.55000000010498
74.72500000010842
100.5500000001143
115.35000000011766
130.47500000011826
7.27500000010007
24.650000000099134
43.300000000101285
59.60000000010499
74.80000000010844
100.5750000001143
115.40000000011767
130.92500000011785
7.175000000100068
24.625000000099135
43.27500000010128
59.60000000010499
74.87500000010846
100.5750000001143
115.40000000011767
131.12500000011767
6.825000000100063
24.575000000099138
43.22500000010127
59.55000000010498
74.70000000010842
100.52500000011429
115.32500000011765
130.37500000011835
7.150000000100068
24.600000000099136
43.22500000010127
59.55000000010498
74.82500000010845
100.52500000011429
115.35000000011766
131.15000000011764
6.925000000100065
24.575000000099138
43.20000000010126
59.525000000104974
74.75000000010843
100.50000000011428
115.30000000011765
130.72500000011803
7.350000000100071
24.625000000099135
43.250000000101274
59.575000000104986
74.85000000010845
100.52500000011429
115.37500000011767
130.90000000011787
7.050000000100066
24.575000000099138
43.20000000010126
59.525000000104974
74.72500000010842
100.50000000011428
115.32500000011765
131.17500000011762
6.900000000100064
24.600000000099136
43.22500000010127
59.55000000010498
74.77500000010843
100.50000000011428
115.35000000011766
130.8750000001179
7.025000000100066
24.600000000099136
43.22500000010127
59.55000000010498
74.72500000010842
100.52500000011429
115.32500000011765
130.50000000011823
6.950000000100065
24.55000000009914
43.17500000010126
59.50000000010497
74.80000000010844
100.45000000011427
115.32500000011765
131.1000000001177
7.025000000100066
24.600000000099136
43.250000000101274
59.575000000104986
74.75000000010843
100.5500000001143
115.37500000011767
130.77500000011798
6.825000000100063
24.625000000099135
43.250000000101274
59.575000000104986
74.77500000010843
100.5500000001143
115.37500000011767
130.72500000011803
7.000000000100066
24.650000000099134
43.300000000101285
59.625000000105
74.87500000010846
100.6000000001143
115.42500000011768
131.2000000001176
6.950000000100065
24.650000000099134
43.300000000101285
59.60000000010499
74.92500000010847
100.5750000001143
115.40000000011767
130.95000000011783
6.950000000100065
24.625000000099135
43.27500000010128
59.575000000104986
74.80000000010844
100.5500000001143
115.37500000011767
130.47500000011826
6.975000000100065
24.650000000099134
43.300000000101285
59.60000000010499
74.75000000010843
100.6000000001143
115.37500000011767
130.6500000001181
6.900000000100064
24.600000000099136
43.22500000010127
59.55000000010498
74.67500000010841
100.52500000011429
115.30000000011765
130.5500000001182
6.800000000100063
24.55000000009914
43.20000000010126
59.525000000104974
74.70000000010842
100.50000000011428
115.32500000011765
130.750000000118
6.900000000100064
24.600000000099136
43.250000000101274
59.55000000010498
74.77500000010843
100.5500000001143
115.35000000011766
131.25000000011755
6.875000000100064
24.675000000099132
43.32500000010129
59.650000000105
74.92500000010847
100.6000000001143
115.45000000011768
130.8750000001179
6.825000000100063
24.575000000099138
43.22500000010127
59.55000000010498
74.80000000010844
100.50000000011428
115.35000000011766
130.80000000011796
7.375000000100071
24.600000000099136
43.250000000101274
59.575000000104986
74.80000000010844
100.5500000001143
115.40000000011767
130.72500000011803
7.100000000100067
24.650000000099134
43.27500000010128
59.625000000105
74.95000000010847
100.5750000001143
115.45000000011768
131.27500000011753
6.875000000100064
24.625000000099135
43.27500000010128
59.60000000010499
74.80000000010844
100.5500000001143
115.37500000011767
131.22500000011757
6.900000000100064
24.675000000099132
43.300000000101285
59.625000000105
74.85000000010845
100.6000000001143
115.42500000011768
131.1000000001177
7.250000000100069
24.575000000099138
43.22500000010127
59.525000000104974
74.80000000010844
100.50000000011428
115.32500000011765
130.77500000011798
6.850000000100064
24.625000000099135
43.250000000101274
59.575000000104986
74.77500000010843
100.52500000011429
115.35000000011766
130.80000000011796
7.4750000001000725
24.72500000009913
43.350000000101296
59.67500000010501
74.92500000010847
100.65000000011432
115.47500000011769
130.92500000011785
7.30000000010007
24.625000000099135
43.250000000101274
59.575000000104986
74.77500000010843
100.5500000001143
115.35000000011766
130.72500000011803
7.225000000100069
24.650000000099134
43.27500000010128
59.60000000010499
74.87500000010846
100.5750000001143
115.40000000011767
130.77500000011798
7.150000000100068
24.625000000099135
43.27500000010128
59.60000000010499
74.82500000010845
100.5750000001143
115.40000000011767
131.0750000001177
7.050000000100066
24.650000000099134
43.27500000010128
59.60000000010499
74.82500000010845
100.5750000001143
115.40000000011767
130.750000000118
6.925000000100065
24.600000000099136
43.250000000101274
59.575000000104986
74.80000000010844
100.5500000001143
115.37500000011767
131.82500000011703
7.025000000100066
24.650000000099134
43.300000000101285
59.60000000010499
74.80000000010844
100.5750000001143
115.40000000011767
131.2000000001176
7.225000000100069
24.650000000099134
43.27500000010128
59.60000000010499
74.80000000010844
100.5750000001143
115.37500000011767
130.60000000011814
7.150000000100068
24.600000000099136
43.250000000101274
59.575000000104986
74.85000000010845
100.5500000001143
115.37500000011767
131.60000000011723
6.825000000100063
24.650000000099134
43.300000000101285
59.60000000010499
74.85000000010845
100.5750000001143
115.37500000011767
131.02500000011776
7.050000000100066
24.650000000099134
43.300000000101285
59.60000000010499
74.90000000010846
100.5750000001143
115.40000000011767
131.22500000011757
7.150000000100068
24.625000000099135
43.250000000101274
59.575000000104986
74.82500000010845
100.5500000001143
115.37500000011767
131.850000000117
7.050000000100066
24.650000000099134
43.300000000101285
59.60000000010499
74.85000000010845
100.5750000001143
115.40000000011767
131.0750000001177
7.225000000100069
24.55000000009914
43.20000000010126
59.50000000010497
74.70000000010842
100.47500000011428
115.27500000011764
130.30000000011842
6.900000000100064
24.675000000099132
43.32500000010129
59.625000000105
74.85000000010845
100.6000000001143
115.40000000011767
131.15000000011764
7.600000000100074
24.625000000099135
43.27500000010128
59.60000000010499
74.80000000010844
100.5500000001143
115.37500000011767
130.92500000011785
7.075000000100067
24.70000000009913
43.350000000101296
59.650000000105
74.90000000010846
100.62500000011431
115.45000000011768
131.50000000011732
7.100000000100067
24.575000000099138
43.22500000010127
59.525000000104974
74.75000000010843
100.50000000011428
115.32500000011765
130.70000000011805
7.075000000100067
24.625000000099135
43.250000000101274
59.575000000104986
74.80000000010844
100.52500000011429
115.35000000011766
130.57500000011817
7.250000000100069
24.70000000009913
43.32500000010129
59.650000000105
74.90000000010846
100.6000000001143
115.45000000011768
131.15000000011764
6.975000000100065
24.650000000099134
43.27500000010128
59.60000000010499
74.77500000010843
100.5750000001143
115.37500000011767
130.95000000011783
6.950000000100065
24.600000000099136
43.250000000101274
59.575000000104986
74.82500000010845
100.5500000001143
115.37500000011767
131.4250000001174
7.175000000100068
24.675000000099132
43.300000000101285
59.625000000105
74.87500000010846
100.6000000001143
115.42500000011768
131.60000000011723
7.150000000100068
24.650000000099134
43.300000000101285
59.625000000105
74.85000000010845
100.5750000001143
115.42500000011768
131.90000000011696
6.975000000100065
24.600000000099136
43.22500000010127
59.55000000010498
74.80000000010844
100.52500000011429
115.35000000011766
130.67500000011808
6.950000000100065
24.675000000099132
43.300000000101285
59.625000000105
74.92500000010847
100.5750000001143
115.45000000011768
131.6250000001172
24.650000000099134
43.27500000010128
59.60000000010499
74.82500000010845
100.5750000001143
115.37500000011767
132.0750000001168
6.900000000100064
24.625000000099135
43.27500000010128
59.60000000010499
74.80000000010844
100.5500000001143
115.37500000011767
130.92500000011785
6.875000000100064
24.625000000099135
43.27500000010128
59.575000000104986
74.80000000010844
100.5500000001143
115.40000000011767
131.40000000011742
6.875000000100064
24.625000000099135
43.27500000010128
59.575000000104986
74.75000000010843
100.5750000001143
115.37500000011767
130.72500000011803
6.900000000100064
24.675000000099132
43.300000000101285
59.625000000105
74.87500000010846
100.6000000001143
115.42500000011768
133.05000000011592
6.750000000100062
24.600000000099136
43.22500000010127
59.55000000010498
74.80000000010844
100.52500000011429
115.35000000011766
131.40000000011742
6.950000000100065
24.625000000099135
43.250000000101274
59.575000000104986
74.85000000010845
100.52500000011429
115.37500000011767
130.8750000001179
6.875000000100064
24.625000000099135
43.27500000010128
59.60000000010499
74.85000000010845
100.5500000001143
115.37500000011767
130.70000000011805
7.000000000100066
24.575000000099138
43.22500000010127
59.55000000010498
74.77500000010843
100.52500000011429
115.35000000011766
132.12500000011676
7.025000000100066
24.625000000099135
43.27500000010128
59.60000000010499
74.82500000010845
100.5500000001143
115.40000000011767
131.90000000011696
7.500000000100073
24.600000000099136
43.250000000101274
59.55000000010498
74.75000000010843
100.5500000001143
115.37500000011767
130.85000000011792
24.625000000099135
43.250000000101274
59.575000000104986
74.77500000010843
100.5500000001143
115.35000000011766
130.80000000011796
7.025000000100066
24.625000000099135
43.250000000101274
59.575000000104986
74.80000000010844
100.52500000011429
115.35000000011766
130.85000000011792
7.175000000100068
24.625000000099135
43.250000000101274
59.575000000104986
74.72500000010842
100.5500000001143
115.35000000011766
130.50000000011823
7.375000000100071
24.625000000099135
43.27500000010128
59.60000000010499
74.82500000010845
100.5750000001143
115.40000000011767
130.62500000011812
7.225000000100069
24.625000000099135
43.27500000010128
59.575000000104986
74.80000000010844
100.5500000001143
115.37500000011767
130.57500000011817
