18.600000000099477
22.07500000009928
35.300000000099466
48.12500000010238
60.05000000010509
64.050000000106
74.02500000010826
87.27500000011128
99.05000000011395
112.25000000011696
123.22500000011945
134.3750000001147
149.0250000001014
18.675000000099473
22.200000000099273
35.37500000009948
48.225000000102405
60.12500000010511
64.27500000010605
74.2000000001083
87.3750000001113
99.15000000011398
112.37500000011698
123.25000000011946
134.57500000011453
149.15000000010127
18.600000000099477
22.125000000099277
35.32500000009947
48.17500000010239
60.05000000010509
64.40000000010608
74.07500000010828
87.3500000001113
99.10000000011397
112.25000000011696
123.22500000011945
134.47500000011462
149.10000000010132
18.675000000099473
22.200000000099273
35.37500000009948
48.2000000001024
60.12500000010511
64.20000000010603
74.22500000010831
87.3500000001113
99.12500000011397
112.40000000011699
123.30000000011947
134.5000000001146
149.1250000001013
18.600000000099477
22.150000000099276
35.32500000009947
48.100000000102376
60.100000000105105
64.55000000010611
74.10000000010828
87.25000000011127
99.00000000011394
112.30000000011697
123.15000000011943
134.3750000001147
149.05000000010136
18.625000000099476
22.125000000099277
35.32500000009947
48.17500000010239
60.0750000001051
64.050000000106
74.12500000010829
87.3500000001113
99.07500000011396
112.32500000011697
123.27500000011946
134.3750000001147
149.10000000010132
18.675000000099473
22.200000000099273
35.425000000099494
48.25000000010241
60.150000000105116
64.40000000010608
74.2000000001083
87.45000000011132
99.17500000011398
112.37500000011698
123.27500000011946
134.45000000011464
149.1250000001013
18.57500000009948
22.07500000009928
35.300000000099466
48.100000000102376
60.100000000105105
64.42500000010608
74.12500000010829
87.30000000011128
99.02500000011395
112.30000000011697
123.15000000011943
134.3750000001147
149.05000000010136
18.600000000099477
22.125000000099277
35.27500000009946
48.100000000102376
60.05000000010509
64.17500000010602
74.05000000010827
87.25000000011127
98.97500000011394
112.25000000011696
123.22500000011945
134.3750000001147
149.05000000010136
18.625000000099476
22.200000000099273
35.4500000000995
48.2000000001024
60.0750000001051
64.20000000010603
74.15000000010829
87.3750000001113
99.17500000011398
112.27500000011696
123.30000000011947
134.5000000001146
149.1250000001013
18.600000000099477
22.10000000009928
35.32500000009947
48.100000000102376
60.05000000010509
64.15000000010602
74.07500000010828
87.25000000011127
99.00000000011394
112.27500000011696
123.20000000011945
134.35000000011473
149.0250000001014
18.57500000009948
22.10000000009928
35.300000000099466
48.100000000102376
60.100000000105105
64.45000000010609
74.10000000010828
87.25000000011127
99.00000000011394
112.27500000011696
123.20000000011945
134.4000000001147
149.05000000010136
18.52500000009948
22.025000000099283
35.250000000099455
48.050000000102365
60.05000000010509
64.35000000010606
74.10000000010828
87.22500000011127
98.97500000011394
112.27500000011696
123.10000000011942
134.2750000001148
149.0000000001014
18.57500000009948
22.10000000009928
35.300000000099466
48.07500000010237
60.00000000010508
64.00000000010598
74.00000000010826
87.25000000011127
99.02500000011395
112.20000000011694
123.15000000011943
134.32500000011476
149.0250000001014
18.52500000009948
22.025000000099283
35.27500000009946
48.02500000010236
59.95000000010507
64.15000000010602
74.02500000010826
87.25000000011127
99.07500000011396
112.17500000011694
123.22500000011945
134.3750000001147
149.05000000010136
18.57500000009948
22.05000000009928
35.250000000099455
48.07500000010237
60.05000000010509
64.10000000010601
74.00000000010826
87.25000000011127
98.97500000011394
112.22500000011695
123.15000000011943
134.3750000001147
149.05000000010136
18.600000000099477
22.125000000099277
35.32500000009947
48.15000000010239
60.100000000105105
64.5250000001061
74.10000000010828
87.30000000011128
99.02500000011395
112.25000000011696
123.22500000011945
134.42500000011466
149.07500000010134
18.57500000009948
22.025000000099283
29.350000000098866
35.300000000099466
48.050000000102365
60.02500000010509
64.02500000010599
74.00000000010826
87.25000000011127
98.97500000011394
112.20000000011694
123.15000000011943
134.3750000001147
149.0250000001014
18.57500000009948
22.05000000009928
35.27500000009946
48.100000000102376
60.0750000001051
64.20000000010603
74.07500000010828
87.27500000011128
99.05000000011395
112.25000000011696
123.15000000011943
134.32500000011476
149.05000000010136
18.600000000099477
22.05000000009928
35.32500000009947
48.15000000010239
60.0750000001051
64.075000000106
74.07500000010828
87.32500000011129
99.05000000011395
112.25000000011696
123.30000000011947
134.3750000001147
149.07500000010134
18.675000000099473
22.175000000099274
35.425000000099494
48.25000000010241
60.100000000105105
64.27500000010605
74.2000000001083
87.3750000001113
99.15000000011398
112.40000000011699
123.30000000011947
134.47500000011462
149.15000000010127
18.650000000099475
22.125000000099277
35.35000000009948
48.17500000010239
60.100000000105105
64.20000000010603
74.10000000010828
87.32500000011129
99.07500000011396
112.37500000011698
123.27500000011946
134.4000000001147
149.10000000010132
18.625000000099476
22.10000000009928
29.500000000098858
35.37500000009948
48.15000000010239
60.100000000105105
64.20000000010603
74.02500000010826
87.32500000011129
99.05000000011395
112.25000000011696
123.20000000011945
134.4000000001147
149.10000000010132
18.57500000009948
22.025000000099283
35.27500000009946
48.100000000102376
60.00000000010508
64.02500000010599
74.02500000010826
87.25000000011127
99.02500000011395
112.20000000011694
123.27500000011946
134.3750000001147
149.05000000010136
18.625000000099476
22.10000000009928
35.300000000099466
48.17500000010239
60.100000000105105
64.20000000010603
74.15000000010829
87.30000000011128
99.12500000011397
112.35000000011698
123.27500000011946
134.5000000001146
149.10000000010132
18.57500000009948
22.10000000009928
35.32500000009947
48.100000000102376
60.05000000010509
64.050000000106
74.07500000010828
87.25000000011127
99.05000000011395
112.25000000011696
123.22500000011945
134.35000000011473
149.05000000010136
18.625000000099476
22.125000000099277
35.425000000099494
48.2000000001024
60.100000000105105
64.15000000010602
74.2000000001083
87.3750000001113
99.15000000011398
112.35000000011698
123.30000000011947
134.5000000001146
149.1250000001013
18.600000000099477
22.10000000009928
33.65000000009909
39.17500000010035
48.15000000010239
60.0750000001051
64.12500000010601
74.12500000010829
87.32500000011129
99.07500000011396
112.35000000011698
123.20000000011945
134.42500000011466
149.07500000010134
18.625000000099476
22.150000000099276
35.300000000099466
48.12500000010238
60.02500000010509
64.22500000010604
74.07500000010828
87.27500000011128
99.02500000011395
112.30000000011697
123.20000000011945
134.35000000011473
149.05000000010136
18.600000000099477
22.07500000009928
35.35000000009948
48.15000000010239
60.100000000105105
64.27500000010605
74.12500000010829
87.32500000011129
99.10000000011397
112.32500000011697
123.25000000011946
134.45000000011464
149.07500000010134
18.57500000009948
22.05000000009928
35.27500000009946
48.100000000102376
60.100000000105105
64.27500000010605
74.10000000010828
87.22500000011127
99.07500000011396
112.25000000011696
123.22500000011945
134.35000000011473
149.07500000010134
18.650000000099475
22.175000000099274
35.35000000009948
48.2000000001024
60.05000000010509
64.22500000010604
74.12500000010829
87.30000000011128
99.02500000011395
112.35000000011698
123.17500000011944
134.4000000001147
149.10000000010132
18.600000000099477
22.10000000009928
35.32500000009947
48.100000000102376
60.05000000010509
64.050000000106
74.00000000010826
87.30000000011128
99.00000000011394
112.17500000011694
123.17500000011944
134.3750000001147
149.05000000010136
18.625000000099476
22.05000000009928
35.32500000009947
48.15000000010239
60.100000000105105
64.12500000010601
74.15000000010829
87.27500000011128
99.10000000011397
112.32500000011697
123.20000000011945
134.3750000001147
149.07500000010134
18.625000000099476
22.150000000099276
35.35000000009948
48.17500000010239
60.100000000105105
64.37500000010607
74.12500000010829
87.32500000011129
99.07500000011396
112.35000000011698
123.22500000011945
134.42500000011466
149.10000000010132
18.600000000099477
22.07500000009928
35.300000000099466
48.100000000102376
60.05000000010509
64.17500000010602
74.05000000010827
87.25000000011127
99.10000000011397
112.25000000011696
123.25000000011946
134.35000000011473
149.10000000010132
18.625000000099476
22.125000000099277
35.32500000009947
48.15000000010239
60.0750000001051
64.17500000010602
74.12500000010829
87.30000000011128
99.07500000011396
112.32500000011697
123.27500000011946
134.35000000011473
149.10000000010132
18.600000000099477
22.07500000009928
35.250000000099455
48.12500000010238
60.0750000001051
64.17500000010602
74.07500000010828
87.25000000011127
99.00000000011394
112.30000000011697
123.15000000011943
134.3750000001147
149.05000000010136
18.57500000009948
22.07500000009928
35.27500000009946
48.07500000010237
60.0750000001051
64.25000000010604
74.10000000010828
87.25000000011127
99.02500000011395
112.27500000011696
123.20000000011945
134.35000000011473
149.0250000001014
18.600000000099477
22.07500000009928
35.27500000009946
48.12500000010238
60.02500000010509
63.975000000105986
74.02500000010826
87.27500000011128
99.05000000011395
112.25000000011696
123.10000000011942
134.35000000011473
149.0250000001014
18.600000000099477
22.05000000009928
35.300000000099466
48.100000000102376
60.0750000001051
64.050000000106
74.07500000010828
87.25000000011127
99.02500000011395
112.27500000011696
123.17500000011944
134.3750000001147
149.0250000001014
18.600000000099477
22.125000000099277
35.32500000009947
48.17500000010239
60.05000000010509
64.12500000010601
74.15000000010829
87.3750000001113
99.10000000011397
112.32500000011697
123.30000000011947
134.42500000011466
149.10000000010132
18.57500000009948
22.025000000099283
29.075000000098882
35.300000000099466
48.12500000010238
60.00000000010508
63.90000000010597
73.90000000010824
87.25000000011127
99.07500000011396
112.15000000011693
123.20000000011945
134.35000000011473
149.05000000010136
18.625000000099476
22.10000000009928
35.32500000009947
48.15000000010239
60.0750000001051
64.075000000106
74.00000000010826
87.22500000011127
99.02500000011395
112.20000000011694
123.20000000011945
134.45000000011464
149.05000000010136
18.625000000099476
22.125000000099277
29.725000000098845
35.40000000009949
48.12500000010238
60.0750000001051
64.10000000010601
73.85000000010822
87.30000000011128
98.95000000011393
112.07500000011692
123.22500000011945
134.35000000011473
149.05000000010136
18.600000000099477
22.10000000009928
35.32500000009947
48.100000000102376
60.05000000010509
64.17500000010602
74.10000000010828
87.25000000011127
99.02500000011395
112.30000000011697
123.25000000011946
134.32500000011476
149.0250000001014
18.57500000009948
22.025000000099283
35.27500000009946
48.07500000010237
60.05000000010509
64.050000000106
74.07500000010828
87.20000000011126
99.00000000011394
112.25000000011696
123.15000000011943
134.30000000011478
149.0000000001014
18.57500000009948
22.05000000009928
29.12500000009888
35.35000000009948
48.12500000010238
60.02500000010509
64.075000000106
74.00000000010826
87.30000000011128
99.02500000011395
112.17500000011694
123.20000000011945
134.3750000001147
149.05000000010136
18.675000000099473
22.200000000099273
35.37500000009948
48.225000000102405
60.12500000010511
64.22500000010604
74.12500000010829
87.3500000001113
99.12500000011397
112.30000000011697
123.35000000011948
134.42500000011466
149.15000000010127
18.55000000009948
22.07500000009928
35.32500000009947
48.07500000010237
60.02500000010509
64.17500000010602
74.05000000010827
87.25000000011127
98.95000000011393
112.22500000011695
123.17500000011944
134.35000000011473
149.0250000001014
18.625000000099476
22.125000000099277
35.32500000009947
48.15000000010239
60.12500000010511
64.32500000010606
74.15000000010829
87.30000000011128
99.05000000011395
112.35000000011698
123.15000000011943
134.47500000011462
149.07500000010134
18.650000000099475
22.175000000099274
35.37500000009948
48.12500000010238
60.05000000010509
64.17500000010602
74.15000000010829
87.3500000001113
99.05000000011395
112.32500000011697
123.37500000011948
134.45000000011464
149.07500000010134
18.625000000099476
22.10000000009928
29.700000000098846
35.37500000009948
48.15000000010239
60.0750000001051
64.050000000106
74.02500000010826
87.3750000001113
99.07500000011396
112.27500000011696
123.27500000011946
134.3750000001147
149.10000000010132
18.650000000099475
22.200000000099273
35.37500000009948
48.17500000010239
60.0750000001051
64.15000000010602
74.12500000010829
87.32500000011129
99.15000000011398
112.32500000011697
123.32500000011947
134.45000000011464
149.1250000001013
18.600000000099477
22.10000000009928
35.300000000099466
48.100000000102376
60.0750000001051
64.17500000010602
74.05000000010827
87.25000000011127
99.02500000011395
112.25000000011696
123.15000000011943
134.3750000001147
149.05000000010136
18.600000000099477
22.10000000009928
35.32500000009947
48.12500000010238
60.02500000010509
64.075000000106
74.05000000010827
87.32500000011129
99.07500000011396
112.22500000011695
123.25000000011946
134.4000000001147
149.07500000010134
18.600000000099477
22.125000000099277
35.32500000009947
48.100000000102376
60.05000000010509
64.22500000010604
74.10000000010828
87.27500000011128
99.10000000011397
112.27500000011696
123.20000000011945
134.4000000001147
149.05000000010136
18.625000000099476
22.10000000009928
35.35000000009948
48.12500000010238
60.100000000105105
64.22500000010604
74.12500000010829
87.32500000011129
99.00000000011394
112.32500000011697
123.22500000011945
134.35000000011473
149.07500000010134
18.57500000009948
22.10000000009928
35.32500000009947
48.07500000010237
60.00000000010508
64.10000000010601
74.05000000010827
87.30000000011128
99.05000000011395
112.20000000011694
123.25000000011946
134.3750000001147
149.07500000010134
18.55000000009948
22.05000000009928
35.250000000099455
48.000000000102354
60.05000000010509
64.42500000010608
74.05000000010827
87.17500000011125
98.90000000011392
112.22500000011695
123.15000000011943
134.2750000001148
149.0000000001014
18.600000000099477
22.125000000099277
35.300000000099466
48.100000000102376
60.00000000010508
63.975000000105986
73.92500000010824
87.27500000011128
99.05000000011395
112.15000000011693
123.20000000011945
134.35000000011473
149.05000000010136
18.600000000099477
22.10000000009928
35.27500000009946
48.100000000102376
60.05000000010509
64.15000000010602
74.07500000010828
87.27500000011128
98.97500000011394
112.27500000011696
123.12500000011943
134.2750000001148
149.0250000001014
18.600000000099477
22.125000000099277
35.35000000009948
48.2000000001024
60.100000000105105
64.47500000010609
74.10000000010828
87.27500000011128
99.05000000011395
112.27500000011696
123.22500000011945
134.4000000001147
149.10000000010132
18.600000000099477
22.07500000009928
35.35000000009948
48.15000000010239
60.05000000010509
64.050000000106
74.07500000010828
87.27500000011128
98.97500000011394
112.27500000011696
123.22500000011945
134.3750000001147
149.05000000010136
18.625000000099476
22.125000000099277
35.40000000009949
48.15000000010239
60.05000000010509
64.10000000010601
74.15000000010829
87.32500000011129
99.10000000011397
112.30000000011697
123.35000000011948
134.45000000011464
149.10000000010132
18.57500000009948
22.05000000009928
35.27500000009946
48.100000000102376
60.05000000010509
64.25000000010604
74.12500000010829
87.30000000011128
99.07500000011396
112.27500000011696
123.17500000011944
134.47500000011462
149.05000000010136
18.70000000009947
22.27500000009927
35.425000000099494
48.30000000010242
60.17500000010512
64.25000000010604
74.2000000001083
87.50000000011133
99.20000000011399
112.450000000117
123.30000000011947
134.52500000011457
149.17500000010125
18.600000000099477
22.150000000099276
35.37500000009948
48.15000000010239
60.0750000001051
64.27500000010605
74.15000000010829
87.30000000011128
99.05000000011395
112.30000000011697
123.30000000011947
134.3750000001147
149.07500000010134
18.625000000099476
22.200000000099273
35.37500000009948
48.17500000010239
60.100000000105105
64.47500000010609
74.12500000010829
87.32500000011129
99.07500000011396
112.35000000011698
123.25000000011946
134.45000000011464
149.07500000010134
18.55000000009948
22.05000000009928
35.300000000099466
48.050000000102365
60.00000000010508
63.975000000105986
74.00000000010826
87.22500000011127
99.02500000011395
112.17500000011694
123.15000000011943
134.35000000011473
149.0250000001014
18.600000000099477
22.125000000099277
35.32500000009947
48.12500000010238
60.0750000001051
64.25000000010604
74.15000000010829
87.30000000011128
99.02500000011395
112.32500000011697
123.22500000011945
134.42500000011466
149.10000000010132
18.600000000099477
22.10000000009928
35.37500000009948
48.12500000010238
60.0750000001051
64.15000000010602
74.10000000010828
87.30000000011128
99.07500000011396
112.22500000011695
123.27500000011946
134.47500000011462
149.10000000010132
18.625000000099476
22.10000000009928
35.37500000009948
48.100000000102376
60.05000000010509
64.075000000106
74.12500000010829
87.27500000011128
99.02500000011395
112.30000000011697
123.27500000011946
134.42500000011466
149.10000000010132
18.600000000099477
22.125000000099277
35.300000000099466
48.15000000010239
60.0750000001051
64.30000000010605
74.15000000010829
87.30000000011128
99.10000000011397
112.30000000011697
123.20000000011945
134.42500000011466
149.07500000010134
18.625000000099476
22.125000000099277
30.025000000098828
35.37500000009948
48.17500000010239
60.100000000105105
64.22500000010604
74.05000000010827
87.27500000011128
99.00000000011394
112.30000000011697
123.15000000011943
134.35000000011473
149.07500000010134
18.57500000009948
22.05000000009928
35.22500000009945
48.100000000102376
60.02500000010509
64.075000000106
74.05000000010827
87.27500000011128
99.05000000011395
112.25000000011696
123.25000000011946
134.30000000011478
149.0250000001014
18.600000000099477
22.10000000009928
35.32500000009947
48.12500000010238
60.0750000001051
64.15000000010602
74.12500000010829
87.32500000011129
99.05000000011395
112.30000000011697
123.25000000011946
134.45000000011464
149.07500000010134
18.55000000009948
22.025000000099283
35.27500000009946
48.000000000102354
60.05000000010509
64.050000000106
74.02500000010826
87.15000000011125
98.97500000011394
112.17500000011694
123.17500000011944
134.32500000011476
149.0250000001014
18.600000000099477
22.07500000009928
29.550000000098855
35.35000000009948
48.100000000102376
60.05000000010509
63.95000000010598
74.02500000010826
87.27500000011128
99.07500000011396
112.20000000011694
123.20000000011945
134.3750000001147
149.07500000010134
18.55000000009948
22.05000000009928
35.300000000099466
48.000000000102354
60.00000000010508
64.050000000106
74.05000000010827
87.20000000011126
98.97500000011394
112.25000000011696
123.12500000011943
134.2750000001148
149.0000000001014
18.600000000099477
22.05000000009928
35.22500000009945
48.100000000102376
60.0750000001051
64.17500000010602
74.07500000010828
87.27500000011128
99.05000000011395
112.27500000011696
123.20000000011945
134.25000000011482
149.05000000010136
18.675000000099473
22.200000000099273
35.37500000009948
48.25000000010241
60.12500000010511
64.25000000010604
74.2000000001083
87.3750000001113
99.10000000011397
112.425000000117
123.22500000011945
134.5000000001146
149.1250000001013
18.625000000099476
22.07500000009928
35.300000000099466
48.100000000102376
60.02500000010509
64.075000000106
74.07500000010828
87.25000000011127
98.90000000011392
112.30000000011697
123.10000000011942
134.25000000011482
149.05000000010136
18.625000000099476
22.125000000099277
35.32500000009947
48.12500000010238
60.02500000010509
64.10000000010601
74.05000000010827
87.30000000011128
99.05000000011395
112.27500000011696
123.20000000011945
134.3750000001147
149.07500000010134
18.600000000099477
22.200000000099273
35.40000000009949
48.12500000010238
60.02500000010509
64.35000000010606
74.1750000001083
87.3750000001113
99.12500000011397
112.32500000011697
123.32500000011947
134.47500000011462
149.10000000010132
18.625000000099476
22.125000000099277
35.32500000009947
48.15000000010239
60.100000000105105
64.12500000010601
74.07500000010828
87.27500000011128
99.02500000011395
112.25000000011696
123.17500000011944
134.35000000011473
149.07500000010134
18.600000000099477
22.125000000099277
35.32500000009947
48.100000000102376
60.0750000001051
64.32500000010606
74.10000000010828
87.27500000011128
99.05000000011395
112.32500000011697
123.20000000011945
134.3750000001147
149.05000000010136
18.600000000099477
22.10000000009928
35.300000000099466
48.100000000102376
60.0750000001051
64.32500000010606
74.12500000010829
87.27500000011128
99.05000000011395
112.27500000011696
123.22500000011945
134.32500000011476
149.0250000001014
18.650000000099475
22.25000000009927
35.40000000009949
48.225000000102405
60.100000000105105
64.45000000010609
74.1750000001083
87.4000000001113
99.07500000011396
112.37500000011698
123.25000000011946
134.47500000011462
149.1250000001013
18.55000000009948
22.07500000009928
35.27500000009946
48.07500000010237
60.02500000010509
64.22500000010604
74.02500000010826
87.20000000011126
98.95000000011393
112.22500000011695
123.12500000011943
134.30000000011478
149.0000000001014
