18.425000000099487
36.65000000009977
48.2000000001024
60.275000000105145
74.32500000010833
87.47500000011132
100.22500000011422
112.32500000011697
135.02500000011412
149.2250000001012
18.425000000099487
36.82500000009981
48.17500000010239
60.325000000105156
74.32500000010833
87.4000000001113
100.22500000011422
112.35000000011698
135.02500000011412
149.20000000010123
18.425000000099487
36.80000000009981
48.225000000102405
60.275000000105145
74.32500000010833
87.47500000011132
100.22500000011422
112.35000000011698
135.17500000011398
149.2250000001012
18.40000000009949
36.700000000099784
48.17500000010239
60.22500000010513
74.30000000010833
87.45000000011132
100.1250000001142
112.30000000011697
135.12500000011403
149.20000000010123
18.425000000099487
36.72500000009979
48.15000000010239
60.25000000010514
74.30000000010833
87.45000000011132
100.20000000011422
112.32500000011697
135.02500000011412
149.20000000010123
18.425000000099487
36.575000000099756
48.17500000010239
60.30000000010515
74.30000000010833
87.42500000011131
100.1500000001142
112.32500000011697
135.02500000011412
149.20000000010123
18.475000000099485
36.62500000009977
48.225000000102405
60.37500000010517
74.35000000010834
87.50000000011133
100.22500000011422
112.37500000011698
134.97500000011416
149.25000000010118
18.450000000099486
36.750000000099796
48.225000000102405
60.37500000010517
74.35000000010834
87.55000000011134
100.22500000011422
112.35000000011698
135.00000000011414
149.27500000010116
18.37500000009949
36.95000000009984
48.17500000010239
60.22500000010513
74.30000000010833
87.47500000011132
100.22500000011422
112.30000000011697
135.0500000001141
149.2250000001012
18.450000000099486
36.82500000009981
48.2000000001024
60.275000000105145
74.35000000010834
87.50000000011133
100.25000000011423
112.35000000011698
135.02500000011412
149.2250000001012
18.450000000099486
36.72500000009979
48.225000000102405
60.30000000010515
74.35000000010834
87.47500000011132
100.22500000011422
112.37500000011698
135.07500000011407
149.2250000001012
18.450000000099486
36.62500000009977
48.225000000102405
60.325000000105156
74.35000000010834
87.52500000011133
100.20000000011422
112.37500000011698
134.9250000001142
149.25000000010118
18.35000000009949
36.72500000009979
48.100000000102376
60.17500000010512
74.25000000010832
87.3500000001113
100.10000000011419
112.25000000011696
134.85000000011428
149.1250000001013
18.40000000009949
36.875000000099824
48.15000000010239
60.275000000105145
74.32500000010833
87.42500000011131
100.22500000011422
112.32500000011697
134.9500000001142
149.2250000001012
18.425000000099487
36.875000000099824
48.17500000010239
60.30000000010515
74.30000000010833
87.42500000011131
100.20000000011422
112.32500000011697
134.87500000011426
149.20000000010123
18.450000000099486
36.750000000099796
48.17500000010239
60.30000000010515
74.35000000010834
87.45000000011132
100.22500000011422
112.35000000011698
135.02500000011412
149.2250000001012
18.52500000009948
36.85000000009982
48.275000000102416
60.42500000010518
74.40000000010835
87.57500000011134
100.30000000011424
112.425000000117
135.07500000011407
149.3250000001011
18.425000000099487
36.7750000000998
48.17500000010239
60.25000000010514
74.32500000010833
87.50000000011133
100.17500000011421
112.32500000011697
135.02500000011412
149.20000000010123
18.450000000099486
36.67500000009978
48.225000000102405
60.35000000010516
74.35000000010834
87.50000000011133
100.25000000011423
112.37500000011698
135.00000000011414
149.25000000010118
18.475000000099485
36.700000000099784
48.2000000001024
60.275000000105145
74.32500000010833
87.50000000011133
100.20000000011422
112.35000000011698
134.87500000011426
149.2250000001012
18.40000000009949
36.525000000099745
48.17500000010239
60.275000000105145
74.30000000010833
87.45000000011132
100.1500000001142
112.30000000011697
134.9500000001142
149.20000000010123
18.425000000099487
36.875000000099824
48.17500000010239
60.275000000105145
74.32500000010833
87.47500000011132
100.20000000011422
112.32500000011697
135.12500000011403
149.2250000001012
18.52500000009948
36.72500000009979
48.275000000102416
60.40000000010517
74.40000000010835
87.55000000011134
100.25000000011423
112.425000000117
134.9500000001142
149.27500000010116
18.450000000099486
36.65000000009977
48.2000000001024
60.35000000010516
74.35000000010834
87.50000000011133
100.22500000011422
112.37500000011698
135.00000000011414
149.27500000010116
18.475000000099485
36.750000000099796
48.2000000001024
60.30000000010515
74.37500000010834
87.52500000011133
100.25000000011423
112.37500000011698
135.00000000011414
149.27500000010116
18.425000000099487
36.62500000009977
48.225000000102405
60.325000000105156
74.35000000010834
87.55000000011134
100.20000000011422
112.35000000011698
134.9250000001142
149.25000000010118
18.450000000099486
36.65000000009977
48.17500000010239
60.275000000105145
74.32500000010833
87.42500000011131
100.17500000011421
112.32500000011697
134.97500000011416
149.2250000001012
18.450000000099486
37.00000000009985
48.2000000001024
60.275000000105145
74.35000000010834
87.50000000011133
100.22500000011422
112.35000000011698
134.9250000001142
149.25000000010118
18.425000000099487
36.82500000009981
48.17500000010239
60.325000000105156
74.32500000010833
87.50000000011133
100.25000000011423
112.32500000011697
135.0500000001141
149.2250000001012
18.40000000009949
36.67500000009978
48.15000000010239
60.25000000010514
74.32500000010833
87.45000000011132
100.20000000011422
112.32500000011697
134.87500000011426
149.2250000001012
18.475000000099485
36.7750000000998
48.25000000010241
60.37500000010517
74.37500000010834
87.50000000011133
100.25000000011423
112.40000000011699
135.17500000011398
149.27500000010116
18.40000000009949
36.55000000009975
48.12500000010238
60.22500000010513
74.27500000010832
87.4000000001113
100.1250000001142
112.30000000011697
134.87500000011426
149.17500000010125
18.425000000099487
36.72500000009979
48.17500000010239
60.30000000010515
74.30000000010833
87.4000000001113
100.20000000011422
112.32500000011697
134.9500000001142
149.17500000010125
18.475000000099485
36.7750000000998
48.25000000010241
60.37500000010517
74.35000000010834
87.52500000011133
100.20000000011422
112.37500000011698
135.00000000011414
149.25000000010118
18.450000000099486
36.60000000009976
48.17500000010239
60.275000000105145
74.32500000010833
87.47500000011132
100.20000000011422
112.32500000011697
134.9500000001142
149.2250000001012
18.425000000099487
36.72500000009979
48.2000000001024
60.275000000105145
74.32500000010833
87.45000000011132
100.20000000011422
112.32500000011697
127.15000000012034
134.9500000001142
149.20000000010123
18.425000000099487
36.67500000009978
48.2000000001024
60.30000000010515
74.35000000010834
87.52500000011133
100.20000000011422
112.32500000011697
134.9500000001142
149.25000000010118
18.450000000099486
36.82500000009981
48.225000000102405
60.325000000105156
74.37500000010834
87.55000000011134
100.25000000011423
112.37500000011698
135.0500000001141
149.27500000010116
18.450000000099486
36.7750000000998
48.2000000001024
60.275000000105145
74.32500000010833
87.45000000011132
100.17500000011421
112.32500000011697
134.9250000001142
149.20000000010123
18.425000000099487
36.90000000009983
48.225000000102405
60.37500000010517
74.35000000010834
87.52500000011133
100.25000000011423
112.35000000011698
134.97500000011416
149.25000000010118
18.450000000099486
36.60000000009976
48.17500000010239
60.275000000105145
74.30000000010833
87.47500000011132
100.1250000001142
112.32500000011697
135.02500000011412
149.20000000010123
18.475000000099485
36.90000000009983
48.225000000102405
60.30000000010515
74.37500000010834
87.50000000011133
100.22500000011422
112.37500000011698
134.97500000011416
149.25000000010118
18.425000000099487
36.90000000009983
48.2000000001024
60.325000000105156
74.32500000010833
87.45000000011132
100.17500000011421
112.32500000011697
135.00000000011414
149.17500000010125
18.40000000009949
36.85000000009982
48.15000000010239
60.20000000010513
74.30000000010833
87.42500000011131
100.20000000011422
112.30000000011697
135.0500000001141
149.17500000010125
18.40000000009949
36.65000000009977
48.100000000102376
60.25000000010514
74.30000000010833
87.42500000011131
100.1250000001142
112.30000000011697
134.9250000001142
149.20000000010123
18.425000000099487
36.65000000009977
48.17500000010239
60.275000000105145
74.32500000010833
87.42500000011131
100.17500000011421
112.32500000011697
135.00000000011414
149.2250000001012
18.500000000099483
36.62500000009977
48.25000000010241
60.37500000010517
74.35000000010834
87.50000000011133
100.20000000011422
112.40000000011699
135.10000000011405
149.25000000010118
18.425000000099487
36.67500000009978
48.2000000001024
60.325000000105156
74.32500000010833
87.50000000011133
100.20000000011422
112.35000000011698
135.0500000001141
149.2250000001012
18.450000000099486
36.67500000009978
48.17500000010239
60.25000000010514
74.32500000010833
87.42500000011131
100.20000000011422
112.35000000011698
134.97500000011416
149.20000000010123
18.450000000099486
36.72500000009979
48.2000000001024
60.275000000105145
74.32500000010833
87.45000000011132
100.20000000011422
112.35000000011698
134.97500000011416
149.2250000001012
18.425000000099487
36.750000000099796
48.15000000010239
60.25000000010514
74.32500000010833
87.45000000011132
100.17500000011421
112.32500000011697
135.07500000011407
149.2250000001012
18.475000000099485
36.67500000009978
48.2000000001024
60.30000000010515
74.35000000010834
87.50000000011133
100.20000000011422
112.37500000011698
134.97500000011416
149.25000000010118
18.475000000099485
36.55000000009975
48.225000000102405
60.325000000105156
74.35000000010834
87.52500000011133
100.22500000011422
112.37500000011698
135.00000000011414
149.25000000010118
18.475000000099485
36.85000000009982
48.275000000102416
60.35000000010516
74.37500000010834
87.50000000011133
100.25000000011423
112.40000000011699
135.0500000001141
149.27500000010116
18.40000000009949
36.7750000000998
48.12500000010238
60.20000000010513
74.30000000010833
87.45000000011132
100.20000000011422
112.30000000011697
135.02500000011412
149.20000000010123
18.450000000099486
36.65000000009977
48.225000000102405
60.325000000105156
74.35000000010834
87.50000000011133
100.25000000011423
112.37500000011698
135.00000000011414
149.27500000010116
18.425000000099487
36.7750000000998
48.2000000001024
60.30000000010515
74.32500000010833
87.50000000011133
100.22500000011422
112.35000000011698
135.10000000011405
149.25000000010118
18.500000000099483
36.62500000009977
48.25000000010241
60.35000000010516
74.37500000010834
87.52500000011133
100.17500000011421
112.40000000011699
135.00000000011414
149.27500000010116
18.425000000099487
36.525000000099745
48.17500000010239
60.275000000105145
74.30000000010833
87.47500000011132
100.1500000001142
112.35000000011698
134.90000000011423
149.20000000010123
18.475000000099485
36.82500000009981
48.25000000010241
60.37500000010517
74.40000000010835
87.55000000011134
100.30000000011424
112.40000000011699
135.0500000001141
149.3250000001011
18.475000000099485
36.525000000099745
48.2000000001024
60.35000000010516
74.35000000010834
87.47500000011132
100.20000000011422
112.37500000011698
134.97500000011416
149.25000000010118
18.450000000099486
36.65000000009977
48.2000000001024
60.37500000010517
74.35000000010834
87.47500000011132
100.20000000011422
112.35000000011698
134.97500000011416
149.25000000010118
18.450000000099486
36.55000000009975
48.2000000001024
60.325000000105156
74.35000000010834
87.50000000011133
100.1500000001142
112.35000000011698
134.87500000011426
149.2250000001012
18.52500000009948
36.80000000009981
48.275000000102416
60.40000000010517
74.42500000010835
87.55000000011134
100.30000000011424
112.450000000117
134.97500000011416
149.30000000010114
18.450000000099486
36.67500000009978
48.17500000010239
60.25000000010514
74.32500000010833
87.50000000011133
100.20000000011422
112.35000000011698
134.97500000011416
149.25000000010118
18.475000000099485
36.97500000009985
48.225000000102405
60.325000000105156
74.37500000010834
87.50000000011133
100.25000000011423
112.37500000011698
135.10000000011405
149.25000000010118
18.475000000099485
36.90000000009983
48.2000000001024
60.25000000010514
74.35000000010834
87.45000000011132
100.20000000011422
112.37500000011698
134.97500000011416
149.2250000001012
18.37500000009949
36.85000000009982
48.12500000010238
60.22500000010513
74.27500000010832
87.45000000011132
100.17500000011421
112.30000000011697
135.02500000011412
149.20000000010123
18.500000000099483
36.575000000099756
48.225000000102405
60.37500000010517
74.37500000010834
87.52500000011133
100.27500000011423
112.40000000011699
135.10000000011405
149.27500000010116
18.500000000099483
36.55000000009975
48.25000000010241
60.35000000010516
74.37500000010834
87.50000000011133
100.20000000011422
112.425000000117
134.85000000011428
149.25000000010118
18.500000000099483
36.7750000000998
48.25000000010241
60.30000000010515
74.37500000010834
87.52500000011133
100.27500000011423
112.40000000011699
135.02500000011412
149.27500000010116
18.325000000099493
36.525000000099745
48.07500000010237
60.22500000010513
74.25000000010832
87.3750000001113
100.10000000011419
112.22500000011695
134.9500000001142
149.15000000010127
18.500000000099483
36.67500000009978
48.25000000010241
60.37500000010517
74.40000000010835
87.52500000011133
100.25000000011423
112.425000000117
135.07500000011407
149.27500000010116
18.40000000009949
36.750000000099796
48.17500000010239
60.30000000010515
74.30000000010833
87.4000000001113
100.17500000011421
112.30000000011697
135.12500000011403
149.20000000010123
18.37500000009949
36.700000000099784
48.15000000010239
60.30000000010515
74.30000000010833
87.47500000011132
100.17500000011421
112.32500000011697
135.00000000011414
149.20000000010123
18.450000000099486
36.7750000000998
48.275000000102416
60.35000000010516
74.37500000010834
87.50000000011133
100.27500000011423
112.40000000011699
135.10000000011405
149.30000000010114
18.425000000099487
36.55000000009975
48.17500000010239
60.35000000010516
74.32500000010833
87.47500000011132
100.20000000011422
112.32500000011697
134.9500000001142
149.25000000010118
18.425000000099487
36.700000000099784
48.2000000001024
60.275000000105145
74.32500000010833
87.45000000011132
100.22500000011422
112.35000000011698
135.10000000011405
149.25000000010118
18.37500000009949
36.62500000009977
48.12500000010238
60.22500000010513
74.27500000010832
87.42500000011131
100.10000000011419
112.25000000011696
135.0500000001141
149.20000000010123
18.425000000099487
36.62500000009977
48.17500000010239
60.20000000010513
74.30000000010833
87.4000000001113
100.20000000011422
112.30000000011697
135.10000000011405
149.20000000010123
18.425000000099487
36.750000000099796
48.15000000010239
60.22500000010513
74.32500000010833
87.45000000011132
100.17500000011421
112.30000000011697
135.02500000011412
149.2250000001012
18.500000000099483
36.700000000099784
48.25000000010241
60.35000000010516
74.35000000010834
87.45000000011132
100.20000000011422
112.40000000011699
135.12500000011403
149.25000000010118
18.450000000099486
36.85000000009982
48.2000000001024
60.325000000105156
74.35000000010834
87.50000000011133
100.25000000011423
112.35000000011698
135.0500000001141
149.25000000010118
18.450000000099486
36.82500000009981
48.17500000010239
60.30000000010515
74.35000000010834
87.47500000011132
100.25000000011423
112.35000000011698
134.8250000001143
149.25000000010118
18.40000000009949
36.67500000009978
48.12500000010238
60.20000000010513
74.27500000010832
87.4000000001113
100.1500000001142
112.27500000011696
135.02500000011412
149.17500000010125
18.425000000099487
36.95000000009984
48.2000000001024
60.30000000010515
74.32500000010833
87.47500000011132
100.20000000011422
112.32500000011697
135.150000000114
149.2250000001012
18.475000000099485
36.67500000009978
48.2000000001024
60.275000000105145
74.35000000010834
87.50000000011133
100.22500000011422
112.35000000011698
135.12500000011403
149.27500000010116
18.425000000099487
36.80000000009981
48.17500000010239
60.275000000105145
74.30000000010833
87.4000000001113
100.17500000011421
112.32500000011697
134.87500000011426
149.17500000010125
18.37500000009949
36.67500000009978
48.07500000010237
60.150000000105116
74.22500000010831
87.3750000001113
100.05000000011418
112.22500000011695
134.87500000011426
149.1250000001013
18.425000000099487
36.7750000000998
48.225000000102405
60.325000000105156
74.35000000010834
87.47500000011132
100.25000000011423
112.37500000011698
134.97500000011416
149.2250000001012
18.425000000099487
36.750000000099796
48.15000000010239
60.25000000010514
74.30000000010833
87.4000000001113
100.1250000001142
112.30000000011697
134.87500000011426
149.17500000010125
18.425000000099487
37.050000000099864
48.2000000001024
60.325000000105156
74.35000000010834
87.52500000011133
100.27500000011423
112.35000000011698
135.12500000011403
149.27500000010116
18.475000000099485
37.02500000009986
48.25000000010241
60.35000000010516
74.37500000010834
87.50000000011133
100.27500000011423
112.40000000011699
135.02500000011412
149.27500000010116
18.425000000099487
36.60000000009976
48.2000000001024
60.30000000010515
74.35000000010834
87.47500000011132
100.22500000011422
112.37500000011698
135.12500000011403
149.25000000010118
18.475000000099485
37.02500000009986
48.25000000010241
60.37500000010517
74.40000000010835
87.52500000011133
100.30000000011424
112.40000000011699
135.17500000011398
149.30000000010114
18.475000000099485
36.80000000009981
48.25000000010241
60.35000000010516
74.40000000010835
87.57500000011134
100.30000000011424
112.425000000117
135.00000000011414
149.3250000001011
18.40000000009949
36.7750000000998
48.15000000010239
60.25000000010514
74.32500000010833
87.42500000011131
100.17500000011421
112.32500000011697
135.07500000011407
149.2250000001012
18.450000000099486
36.47500000009973
48.2000000001024
60.30000000010515
74.35000000010834
87.45000000011132
100.1500000001142
112.32500000011697
126.20000000012013
134.90000000011423
149.2250000001012
18.425000000099487
36.700000000099784
48.17500000010239
60.275000000105145
74.30000000010833
87.45000000011132
100.1250000001142
112.30000000011697
134.97500000011416
149.2250000001012
18.425000000099487
36.62500000009977
48.17500000010239
60.275000000105145
74.32500000010833
87.47500000011132
100.17500000011421
112.32500000011697
135.00000000011414
149.25000000010118
