17.425000000099544
20.400000000099375
36.55000000009975
39.27500000010037
52.450000000103365
55.225000000104
58.425000000104724
66.82500000010663
69.95000000010734
79.72500000010956
82.37500000011016
85.80000000011094
94.32500000011288
97.22500000011354
100.87500000011437
108.35000000011607
111.22500000011672
114.82500000011754
122.50000000011929
125.30000000011992
128.7750000001198
136.67500000011262
139.4500000001101
142.87500000010698
17.425000000099544
20.400000000099375
36.55000000009975
39.300000000100376
52.450000000103365
55.225000000104
58.600000000104764
66.82500000010663
70.00000000010735
79.72500000010956
82.45000000011018
86.12500000011102
94.30000000011287
97.22500000011354
101.10000000011442
108.35000000011607
111.25000000011673
115.00000000011758
122.47500000011928
125.32500000011993
128.92500000011967
136.65000000011264
139.4500000001101
142.9750000001069
17.425000000099544
20.400000000099375
36.575000000099756
39.32500000010038
52.450000000103365
55.250000000104
58.70000000010479
66.82500000010663
69.97500000010734
79.70000000010955
82.40000000011017
86.050000000111
94.30000000011287
97.22500000011354
101.12500000011443
108.35000000011607
111.22500000011672
115.02500000011759
122.47500000011928
125.30000000011992
128.92500000011967
136.65000000011264
139.4500000001101
142.9750000001069
17.450000000099543
20.425000000099374
36.60000000009976
39.35000000010039
52.50000000010338
55.27500000010401
59.000000000104855
66.87500000010664
70.07500000010737
79.80000000010958
82.47500000011019
86.40000000011108
94.35000000011289
97.32500000011356
108.40000000011608
111.32500000011675
122.52500000011929
125.37500000011994
129.35000000011928
136.72500000011257
139.55000000011
143.55000000010637
17.450000000099543
20.400000000099375
36.60000000009976
39.32500000010038
52.50000000010338
55.27500000010401
58.825000000104815
66.87500000010664
70.05000000010736
79.80000000010958
82.47500000011019
86.20000000011103
94.35000000011289
97.30000000011356
108.40000000011608
111.30000000011674
115.40000000011767
122.5500000001193
125.37500000011994
129.3250000001193
136.72500000011257
139.52500000011003
143.37500000010652
17.450000000099543
20.425000000099374
36.55000000009975
39.300000000100376
52.42500000010336
55.225000000104
58.600000000104764
66.82500000010663
70.02500000010735
79.77500000010957
82.45000000011018
86.15000000011102
94.30000000011287
97.25000000011354
101.27500000011446
108.32500000011606
111.27500000011673
115.17500000011762
122.47500000011928
125.35000000011993
129.07500000011953
136.65000000011264
139.50000000011005
143.12500000010675
17.47500000009954
20.425000000099374
36.62500000009977
39.32500000010038
52.52500000010338
55.27500000010401
58.50000000010474
66.90000000010664
70.02500000010735
79.8750000001096
82.47500000011019
85.80000000011094
94.37500000011289
97.27500000011355
100.80000000011435
108.42500000011609
111.30000000011674
114.77500000011753
122.5750000001193
125.37500000011994
128.80000000011978
136.77500000011253
139.55000000011
142.90000000010696
17.425000000099544
20.375000000099377
36.575000000099756
39.300000000100376
52.47500000010337
55.225000000104
58.475000000104735
66.82500000010663
69.97500000010734
79.77500000010957
82.42500000011017
85.85000000011095
94.32500000011288
97.22500000011354
100.82500000011436
108.37500000011607
111.25000000011673
114.77500000011753
122.52500000011929
125.35000000011993
128.7750000001198
136.7000000001126
139.50000000011005
142.87500000010698
17.425000000099544
20.400000000099375
36.575000000099756
39.300000000100376
52.450000000103365
55.225000000104
58.80000000010481
66.82500000010663
70.02500000010735
79.72500000010956
82.45000000011018
86.27500000011105
94.30000000011287
97.25000000011354
101.55000000011452
108.35000000011607
111.25000000011673
115.32500000011765
122.47500000011928
125.35000000011993
129.17500000011944
136.65000000011264
139.47500000011007
143.20000000010668
17.425000000099544
20.375000000099377
36.525000000099745
39.250000000100364
52.42500000010336
55.20000000010399
58.600000000104764
66.82500000010663
69.97500000010734
79.75000000010957
82.42500000011017
86.10000000011101
94.30000000011287
97.22500000011354
101.30000000011447
108.32500000011606
111.22500000011672
115.12500000011761
122.47500000011928
125.32500000011993
129.02500000011958
136.67500000011262
139.47500000011007
143.0750000001068
17.425000000099544
20.400000000099375
36.525000000099745
39.27500000010037
52.42500000010336
55.20000000010399
58.57500000010476
66.80000000010662
69.95000000010734
79.72500000010956
82.40000000011017
85.92500000011097
94.25000000011286
97.20000000011353
100.92500000011438
108.30000000011606
111.20000000011672
114.90000000011756
122.45000000011927
125.30000000011992
128.8750000001197
136.62500000011266
139.4500000001101
142.9500000001069
17.450000000099543
20.425000000099374
36.60000000009976
39.32500000010038
52.47500000010337
55.250000000104
58.55000000010475
66.85000000010663
70.00000000010735
79.77500000010957
82.45000000011018
85.80000000011094
94.32500000011288
97.25000000011354
100.90000000011437
108.37500000011607
111.25000000011673
114.85000000011755
122.52500000011929
125.32500000011993
128.80000000011978
136.7000000001126
139.47500000011007
142.87500000010698
17.400000000099546
20.375000000099377
36.525000000099745
39.250000000100364
52.450000000103365
55.20000000010399
58.40000000010472
66.82500000010663
69.95000000010734
79.77500000010957
82.42500000011017
85.80000000011094
94.30000000011287
97.20000000011353
100.80000000011435
108.35000000011607
111.22500000011672
114.77500000011753
122.50000000011929
125.30000000011992
128.7750000001198
136.7000000001126
139.4500000001101
142.850000000107
17.400000000099546
20.350000000099378
36.55000000009975
39.27500000010037
52.42500000010336
55.20000000010399
58.57500000010476
66.77500000010662
69.92500000010733
79.70000000010955
82.40000000011017
85.97500000011098
94.25000000011286
97.17500000011353
101.0250000001144
108.30000000011606
111.20000000011672
114.95000000011757
122.45000000011927
125.27500000011992
128.8750000001197
136.62500000011266
139.42500000011012
142.9500000001069
17.425000000099544
20.400000000099375
36.60000000009976
39.32500000010038
52.50000000010338
55.250000000104
58.67500000010478
66.85000000010663
70.02500000010735
79.77500000010957
82.47500000011019
86.075000000111
94.35000000011289
97.27500000011355
101.4500000001145
108.40000000011608
111.30000000011674
115.27500000011764
122.5500000001193
125.37500000011994
129.12500000011948
136.72500000011257
139.52500000011003
143.1750000001067
17.425000000099544
20.400000000099375
36.55000000009975
39.300000000100376
52.42500000010336
55.225000000104
58.45000000010473
66.80000000010662
69.95000000010734
79.75000000010957
82.40000000011017
85.70000000011092
94.27500000011287
97.22500000011354
100.77500000011435
108.32500000011606
111.22500000011672
114.72500000011752
122.47500000011928
125.30000000011992
128.72500000011985
136.65000000011264
139.4500000001101
142.80000000010705
17.375000000099547
20.350000000099378
36.525000000099745
39.27500000010037
52.400000000103354
55.175000000103985
58.52500000010475
66.80000000010662
69.95000000010734
79.72500000010956
82.37500000011016
85.97500000011098
94.27500000011287
97.20000000011353
101.10000000011442
108.32500000011606
111.22500000011672
115.02500000011759
122.45000000011927
125.30000000011992
128.92500000011967
136.65000000011264
139.4500000001101
143.00000000010687
17.450000000099543
20.425000000099374
36.60000000009976
39.35000000010039
52.50000000010338
55.27500000010401
58.775000000104804
66.87500000010664
70.07500000010737
79.82500000010958
82.47500000011019
86.12500000011102
94.35000000011289
97.35000000011357
108.40000000011608
111.32500000011675
115.27500000011764
122.5500000001193
125.42500000011995
129.27500000011935
136.75000000011255
139.57500000010998
143.37500000010652
17.425000000099544
20.400000000099375
36.60000000009976
39.32500000010038
52.47500000010337
55.225000000104
58.52500000010475
66.85000000010663
69.92500000010733
79.72500000010956
82.42500000011017
85.92500000011097
94.32500000011288
97.22500000011354
101.17500000011444
108.37500000011607
111.22500000011672
115.05000000011759
122.50000000011929
125.30000000011992
128.92500000011967
136.67500000011262
139.4500000001101
142.9750000001069
17.400000000099546
20.350000000099378
36.50000000009974
39.22500000010036
52.42500000010336
55.175000000103985
58.35000000010471
66.80000000010662
69.92500000010733
79.75000000010957
82.37500000011016
85.75000000011093
94.30000000011287
97.20000000011353
100.80000000011435
108.35000000011607
111.22500000011672
114.80000000011754
122.50000000011929
125.32500000011993
128.7750000001198
136.67500000011262
139.47500000011007
142.87500000010698
17.47500000009954
20.425000000099374
36.60000000009976
39.32500000010038
52.50000000010338
55.27500000010401
58.92500000010484
66.87500000010664
70.07500000010737
79.82500000010958
82.5250000001102
86.32500000011106
94.35000000011289
97.32500000011356
108.40000000011608
111.30000000011674
115.70000000011774
122.52500000011929
125.40000000011995
129.52500000011912
136.72500000011257
139.55000000011
143.57500000010634
17.375000000099547
20.32500000009938
36.45000000009973
39.17500000010035
52.37500000010335
55.15000000010398
58.35000000010471
66.77500000010662
69.92500000010733
79.77500000010957
82.40000000011017
85.97500000011098
94.25000000011286
97.17500000011353
100.95000000011439
108.30000000011606
111.20000000011672
114.90000000011756
122.45000000011927
125.27500000011992
128.8750000001197
136.65000000011264
139.42500000011012
142.9750000001069
17.47500000009954
20.450000000099372
36.67500000009978
39.4000000001004
52.52500000010338
55.30000000010401
58.72500000010479
66.90000000010664
70.02500000010735
79.80000000010958
82.50000000011019
85.97500000011098
94.37500000011289
97.30000000011356
101.37500000011448
108.40000000011608
111.30000000011674
115.17500000011762
122.5500000001193
125.37500000011994
129.05000000011955
136.72500000011257
139.52500000011003
143.10000000010677
17.400000000099546
20.375000000099377
36.525000000099745
39.250000000100364
52.42500000010336
55.20000000010399
58.52500000010475
66.82500000010663
69.95000000010734
79.75000000010957
82.42500000011017
86.10000000011101
94.30000000011287
97.20000000011353
101.17500000011444
108.32500000011606
111.20000000011672
115.02500000011759
122.47500000011928
125.30000000011992
128.95000000011964
136.65000000011264
139.42500000011012
143.00000000010687
17.50000000009954
20.450000000099372
36.62500000009977
39.35000000010039
52.52500000010338
55.30000000010401
58.7500000001048
66.90000000010664
70.05000000010736
79.82500000010958
82.50000000011019
86.075000000111
94.37500000011289
97.30000000011356
101.4250000001145
108.42500000011609
111.30000000011674
115.25000000011764
122.5500000001193
125.40000000011995
129.12500000011948
136.75000000011255
139.55000000011
143.20000000010668
17.425000000099544
20.400000000099375
36.575000000099756
39.300000000100376
52.47500000010337
55.225000000104
58.7500000001048
66.82500000010663
70.00000000010735
79.82500000010958
82.45000000011018
86.10000000011101
94.32500000011288
97.27500000011355
101.67500000011455
108.37500000011607
111.27500000011673
115.42500000011768
122.52500000011929
125.37500000011994
129.30000000011933
136.7000000001126
139.52500000011003
143.35000000010655
17.425000000099544
20.375000000099377
36.575000000099756
39.300000000100376
52.450000000103365
55.225000000104
58.475000000104735
66.85000000010663
69.95000000010734
79.75000000010957
82.40000000011017
85.77500000011094
94.32500000011288
97.20000000011353
100.77500000011435
108.35000000011607
111.20000000011672
114.75000000011752
122.50000000011929
125.27500000011992
128.72500000011985
136.67500000011262
139.42500000011012
142.80000000010705
17.450000000099543
20.400000000099375
36.575000000099756
39.300000000100376
52.47500000010337
55.250000000104
58.52500000010475
66.85000000010663
69.97500000010734
79.80000000010958
82.45000000011018
85.92500000011097
94.35000000011289
97.25000000011354
100.95000000011439
108.37500000011607
111.25000000011673
114.87500000011755
122.52500000011929
125.35000000011993
128.85000000011973
136.7000000001126
139.50000000011005
142.9500000001069
17.425000000099544
20.400000000099375
36.50000000009974
39.250000000100364
52.400000000103354
55.20000000010399
58.45000000010473
66.82500000010663
69.95000000010734
79.67500000010955
82.40000000011017
86.00000000011099
94.25000000011286
97.17500000011353
100.80000000011435
108.30000000011606
111.17500000011671
114.75000000011752
122.42500000011927
125.25000000011991
128.70000000011987
136.6000000001127
139.37500000011016
142.77500000010707
17.425000000099544
20.400000000099375
36.575000000099756
39.300000000100376
52.450000000103365
55.225000000104
58.57500000010476
66.82500000010663
69.97500000010734
79.75000000010957
82.42500000011017
85.92500000011097
94.32500000011288
97.25000000011354
101.22500000011445
108.37500000011607
111.27500000011673
115.12500000011761
122.50000000011929
125.35000000011993
129.02500000011958
136.7000000001126
139.50000000011005
143.0750000001068
17.450000000099543
20.425000000099374
36.575000000099756
39.300000000100376
52.450000000103365
55.225000000104
58.52500000010475
66.85000000010663
70.00000000010735
79.72500000010956
82.42500000011017
86.02500000011099
94.32500000011288
97.22500000011354
101.0000000001144
108.35000000011607
111.25000000011673
114.90000000011756
122.50000000011929
125.30000000011992
128.82500000011976
136.67500000011262
139.4500000001101
142.87500000010698
17.400000000099546
20.375000000099377
36.60000000009976
39.32500000010038
52.47500000010337
55.250000000104
58.650000000104775
66.85000000010663
69.95000000010734
79.70000000010955
82.40000000011017
85.97500000011098
94.35000000011289
97.25000000011354
101.35000000011448
108.37500000011607
111.25000000011673
115.17500000011762
122.50000000011929
125.32500000011993
129.02500000011958
136.67500000011262
139.4500000001101
143.05000000010682
17.425000000099544
20.375000000099377
36.55000000009975
39.300000000100376
52.450000000103365
55.225000000104
58.825000000104815
66.82500000010663
70.00000000010735
79.72500000010956
82.40000000011017
86.075000000111
94.30000000011287
97.25000000011354
101.67500000011455
108.35000000011607
111.25000000011673
115.40000000011767
122.47500000011928
125.32500000011993
129.2250000001194
136.65000000011264
139.47500000011007
143.25000000010664
17.425000000099544
20.400000000099375
36.55000000009975
39.300000000100376
52.450000000103365
55.225000000104
58.55000000010475
66.82500000010663
70.00000000010735
79.77500000010957
82.42500000011017
86.00000000011099
94.30000000011287
97.25000000011354
101.12500000011443
108.35000000011607
111.27500000011673
115.05000000011759
122.50000000011929
125.35000000011993
129.0000000001196
136.67500000011262
139.50000000011005
143.05000000010682
17.52500000009954
20.47500000009937
36.67500000009978
39.4000000001004
52.55000000010339
55.32500000010402
58.875000000104826
66.92500000010665
70.10000000010737
79.85000000010959
82.5250000001102
86.12500000011102
94.4250000001129
97.35000000011357
108.45000000011609
111.35000000011675
115.27500000011764
122.60000000011931
125.45000000011996
129.30000000011933
136.77500000011253
139.60000000010996
143.37500000010652
17.35000000009955
20.32500000009938
36.47500000009973
39.22500000010036
52.37500000010335
55.175000000103985
58.475000000104735
66.77500000010662
69.95000000010734
79.70000000010955
82.37500000011016
85.92500000011097
94.25000000011286
97.20000000011353
101.0000000001144
108.30000000011606
111.20000000011672
114.90000000011756
122.45000000011927
125.27500000011992
128.85000000011973
136.62500000011266
139.42500000011012
142.92500000010693
17.400000000099546
20.350000000099378
36.50000000009974
39.250000000100364
52.42500000010336
55.175000000103985
58.40000000010472
66.80000000010662
69.92500000010733
79.75000000010957
82.40000000011017
85.87500000011096
94.27500000011287
97.17500000011353
100.85000000011436
108.32500000011606
111.20000000011672
114.80000000011754
122.47500000011928
125.27500000011992
128.7750000001198
136.65000000011264
139.42500000011012
142.87500000010698
17.450000000099543
20.425000000099374
36.62500000009977
39.32500000010038
52.50000000010338
55.250000000104
58.52500000010475
66.85000000010663
70.00000000010735
79.80000000010958
82.45000000011018
85.75000000011093
94.35000000011289
97.25000000011354
100.80000000011435
108.40000000011608
111.25000000011673
114.75000000011752
122.52500000011929
125.35000000011993
128.75000000011983
136.72500000011257
139.50000000011005
142.850000000107
17.375000000099547
20.350000000099378
36.55000000009975
39.250000000100364
52.42500000010336
55.175000000103985
58.40000000010472
66.80000000010662
69.90000000010733
79.75000000010957
82.40000000011017
85.87500000011096
94.27500000011287
97.17500000011353
100.77500000011435
108.32500000011606
111.17500000011671
114.72500000011752
122.45000000011927
125.25000000011991
128.70000000011987
136.65000000011264
139.40000000011014
142.77500000010707
17.400000000099546
20.400000000099375
36.525000000099745
39.27500000010037
52.42500000010336
55.20000000010399
58.425000000104724
66.80000000010662
69.92500000010733
79.70000000010955
82.40000000011017
85.90000000011096
94.25000000011286
97.15000000011352
100.6000000001143
108.30000000011606
111.1500000001167
114.57500000011748
122.42500000011927
125.2250000001199
128.55000000012
136.62500000011266
139.37500000011016
142.65000000010718
17.400000000099546
20.400000000099375
36.55000000009975
39.27500000010037
52.450000000103365
55.225000000104
58.62500000010477
66.82500000010663
70.02500000010735
79.77500000010957
82.42500000011017
86.15000000011102
94.30000000011287
97.25000000011354
101.62500000011454
108.35000000011607
111.27500000011673
115.32500000011765
122.50000000011929
125.35000000011993
129.15000000011946
136.67500000011262
139.50000000011005
143.20000000010668
17.400000000099546
20.375000000099377
36.55000000009975
39.27500000010037
52.450000000103365
55.250000000104
58.7500000001048
66.82500000010663
69.95000000010734
79.77500000010957
82.42500000011017
85.92500000011097
94.30000000011287
97.25000000011354
101.60000000011453
108.35000000011607
111.25000000011673
115.30000000011765
122.50000000011929
125.35000000011993
129.17500000011944
136.67500000011262
139.50000000011005
143.22500000010666
17.400000000099546
20.375000000099377
36.525000000099745
39.250000000100364
52.42500000010336
55.20000000010399
58.3250000001047
66.82500000010663
69.92500000010733
79.72500000010956
82.40000000011017
85.82500000011095
94.27500000011287
97.17500000011353
100.5750000001143
108.32500000011606
111.17500000011671
114.55000000011748
122.47500000011928
125.25000000011991
128.55000000012
136.65000000011264
139.40000000011014
142.65000000010718
17.50000000009954
20.450000000099372
36.62500000009977
39.35000000010039
52.52500000010338
55.27500000010401
58.67500000010478
66.87500000010664
70.10000000010737
79.9250000001096
82.60000000011021
86.22500000011104
94.35000000011289
97.30000000011356
101.25000000011445
108.40000000011608
111.32500000011675
115.17500000011762
122.5500000001193
125.40000000011995
129.1000000001195
136.75000000011255
139.57500000010998
143.1750000001067
17.450000000099543
20.400000000099375
36.575000000099756
39.32500000010038
52.450000000103365
55.250000000104
58.600000000104764
66.85000000010663
70.02500000010735
79.77500000010957
82.45000000011018
86.00000000011099
94.30000000011287
97.27500000011355
101.12500000011443
108.35000000011607
111.27500000011673
115.05000000011759
122.50000000011929
125.35000000011993
128.97500000011962
136.67500000011262
139.50000000011005
143.05000000010682
17.450000000099543
20.425000000099374
36.60000000009976
39.35000000010039
52.47500000010337
55.250000000104
58.62500000010477
66.85000000010663
70.00000000010735
79.77500000010957
82.47500000011019
86.00000000011099
94.32500000011288
97.25000000011354
101.32500000011447
108.37500000011607
111.25000000011673
115.15000000011761
122.50000000011929
125.32500000011993
129.05000000011955
136.7000000001126
139.47500000011007
143.10000000010677
17.375000000099547
20.350000000099378
36.525000000099745
39.250000000100364
52.42500000010336
55.20000000010399
58.45000000010473
66.80000000010662
69.92500000010733
79.77500000010957
82.40000000011017
85.82500000011095
94.30000000011287
97.22500000011354
100.97500000011439
108.35000000011607
111.22500000011672
114.90000000011756
122.47500000011928
125.30000000011992
128.85000000011973
136.67500000011262
139.4500000001101
142.9500000001069
17.450000000099543
20.425000000099374
36.575000000099756
39.300000000100376
52.47500000010337
55.225000000104
58.55000000010475
66.85000000010663
70.02500000010735
79.80000000010958
82.45000000011018
86.00000000011099
94.32500000011288
97.25000000011354
100.92500000011438
108.37500000011607
111.27500000011673
114.85000000011755
122.50000000011929
125.35000000011993
128.82500000011976
136.7000000001126
139.50000000011005
142.92500000010693
17.425000000099544
20.400000000099375
36.55000000009975
39.27500000010037
52.47500000010337
55.225000000104
58.45000000010473
66.85000000010663
70.00000000010735
79.80000000010958
82.42500000011017
85.90000000011096
94.32500000011288
97.22500000011354
100.92500000011438
108.37500000011607
111.25000000011673
114.87500000011755
122.52500000011929
125.32500000011993
128.85000000011973
136.72500000011257
139.50000000011005
142.9500000001069
17.425000000099544
20.375000000099377
36.55000000009975
39.27500000010037
52.42500000010336
55.20000000010399
58.57500000010476
66.82500000010663
69.97500000010734
79.72500000010956
82.42500000011017
86.02500000011099
94.30000000011287
97.22500000011354
101.15000000011443
108.32500000011606
111.22500000011672
115.02500000011759
122.47500000011928
125.30000000011992
128.95000000011964
136.65000000011264
139.4500000001101
143.00000000010687
17.47500000009954
20.450000000099372
36.575000000099756
39.32500000010038
52.450000000103365
55.225000000104
58.67500000010478
66.85000000010663
70.07500000010737
79.80000000010958
82.50000000011019
86.27500000011105
94.30000000011287
97.25000000011354
101.50000000011451
108.35000000011607
111.27500000011673
115.30000000011765
122.47500000011928
125.35000000011993
129.17500000011944
136.67500000011262
139.50000000011005
143.22500000010666
17.400000000099546
20.400000000099375
36.525000000099745
39.27500000010037
52.42500000010336
55.20000000010399
58.7500000001048
66.80000000010662
70.07500000010737
79.77500000010957
82.45000000011018
86.32500000011106
94.27500000011287
97.30000000011356
108.32500000011606
111.27500000011673
115.5250000001177
122.47500000011928
125.35000000011993
129.4500000001192
136.65000000011264
139.52500000011003
143.5000000001064
17.425000000099544
20.425000000099374
36.60000000009976
39.35000000010039
52.47500000010337
55.27500000010401
58.70000000010479
66.85000000010663
70.02500000010735
79.75000000010957
82.42500000011017
86.12500000011102
94.35000000011289
97.27500000011355
102.57500000011476
108.37500000011607
111.30000000011674
115.42500000011768
122.52500000011929
125.37500000011994
129.25000000011937
136.7000000001126
139.52500000011003
143.3000000001066
17.375000000099547
20.350000000099378
36.55000000009975
39.27500000010037
52.450000000103365
55.20000000010399
58.600000000104764
66.82500000010663
69.97500000010734
79.75000000010957
82.42500000011017
86.20000000011103
94.32500000011288
97.25000000011354
108.35000000011607
111.22500000011672
115.22500000011763
122.50000000011929
125.32500000011993
129.2250000001194
136.67500000011262
139.47500000011007
143.25000000010664
17.425000000099544
20.425000000099374
36.60000000009976
39.35000000010039
52.47500000010337
55.250000000104
58.55000000010475
66.85000000010663
70.00000000010735
79.72500000010956
82.42500000011017
85.97500000011098
94.32500000011288
97.25000000011354
101.07500000011441
108.37500000011607
111.27500000011673
115.00000000011758
122.50000000011929
125.35000000011993
128.92500000011967
136.7000000001126
139.50000000011005
143.00000000010687
17.425000000099544
20.400000000099375
36.62500000009977
39.32500000010038
52.52500000010338
55.250000000104
58.475000000104735
66.87500000010664
70.00000000010735
79.85000000010959
82.47500000011019
85.87500000011096
94.37500000011289
97.27500000011355
101.10000000011442
108.42500000011609
111.30000000011674
115.00000000011758
122.5750000001193
125.37500000011994
128.97500000011962
136.75000000011255
139.52500000011003
143.02500000010684
17.400000000099546
20.375000000099377
36.55000000009975
39.27500000010037
52.450000000103365
55.20000000010399
58.475000000104735
66.82500000010663
69.97500000010734
79.77500000010957
82.42500000011017
85.90000000011096
94.30000000011287
97.20000000011353
100.90000000011437
108.35000000011607
111.22500000011672
114.87500000011755
122.50000000011929
125.32500000011993
128.85000000011973
136.7000000001126
139.47500000011007
142.9500000001069
17.400000000099546
20.375000000099377
36.55000000009975
39.27500000010037
52.42500000010336
55.20000000010399
58.55000000010475
66.80000000010662
69.95000000010734
79.72500000010956
82.42500000011017
86.02500000011099
94.27500000011287
97.22500000011354
101.22500000011445
108.32500000011606
111.22500000011672
115.05000000011759
122.45000000011927
125.30000000011992
128.92500000011967
136.65000000011264
139.4500000001101
142.9750000001069
17.47500000009954
20.450000000099372
36.65000000009977
39.37500000010039
52.50000000010338
55.27500000010401
58.92500000010484
66.87500000010664
70.07500000010737
79.80000000010958
82.47500000011019
86.20000000011103
94.35000000011289
97.30000000011356
101.85000000011459
108.40000000011608
111.32500000011675
115.42500000011768
122.52500000011929
125.40000000011995
129.27500000011935
136.72500000011257
139.55000000011
143.3000000001066
17.450000000099543
20.400000000099375
36.60000000009976
39.32500000010038
52.47500000010337
55.225000000104
58.52500000010475
66.85000000010663
69.97500000010734
79.77500000010957
82.42500000011017
85.87500000011096
94.32500000011288
97.22500000011354
100.87500000011437
108.37500000011607
111.25000000011673
114.85000000011755
122.50000000011929
125.32500000011993
128.80000000011978
136.7000000001126
139.47500000011007
142.90000000010696
17.450000000099543
20.400000000099375
36.525000000099745
39.27500000010037
52.42500000010336
55.225000000104
58.62500000010477
66.82500000010663
70.02500000010735
79.80000000010958
82.47500000011019
86.12500000011102
94.30000000011287
97.27500000011355
101.4250000001145
108.35000000011607
111.27500000011673
115.22500000011763
122.50000000011929
125.35000000011993
129.12500000011948
136.67500000011262
139.50000000011005
143.15000000010673
17.50000000009954
20.47500000009937
36.65000000009977
39.4000000001004
52.55000000010339
55.30000000010401
59.55000000010498
66.90000000010664
70.10000000010737
79.82500000010958
82.5250000001102
86.37500000011107
94.4000000001129
97.35000000011357
108.42500000011609
111.35000000011675
122.5750000001193
125.40000000011995
129.50000000011914
136.75000000011255
139.57500000010998
143.70000000010623
17.425000000099544
20.400000000099375
36.575000000099756
39.27500000010037
52.450000000103365
55.225000000104
58.45000000010473
66.85000000010663
70.00000000010735
79.77500000010957
82.45000000011018
85.92500000011097
94.32500000011288
97.25000000011354
100.95000000011439
108.37500000011607
111.25000000011673
114.90000000011756
122.50000000011929
125.32500000011993
128.8750000001197
136.7000000001126
139.47500000011007
142.9500000001069
17.425000000099544
20.375000000099377
36.575000000099756
39.300000000100376
52.450000000103365
55.225000000104
58.67500000010478
66.82500000010663
69.97500000010734
79.70000000010955
82.40000000011017
85.95000000011098
94.30000000011287
97.22500000011354
101.37500000011448
108.32500000011606
111.25000000011673
115.17500000011762
122.47500000011928
125.32500000011993
129.05000000011955
136.65000000011264
139.4500000001101
143.0750000001068
17.35000000009955
20.30000000009938
36.45000000009973
39.17500000010035
52.37500000010335
55.125000000103974
58.475000000104735
66.75000000010661
69.90000000010733
79.72500000010956
82.37500000011016
86.050000000111
94.22500000011286
97.17500000011353
101.57500000011453
108.27500000011605
111.17500000011671
115.22500000011763
122.42500000011927
125.27500000011992
129.1000000001195
136.62500000011266
139.42500000011012
143.15000000010673
17.400000000099546
20.350000000099378
36.55000000009975
39.27500000010037
52.450000000103365
55.20000000010399
58.475000000104735
66.80000000010662
69.90000000010733
79.72500000010956
82.40000000011017
85.85000000011095
94.30000000011287
97.17500000011353
100.80000000011435
108.35000000011607
111.20000000011672
114.77500000011753
122.50000000011929
125.30000000011992
128.7750000001198
136.67500000011262
139.4500000001101
142.87500000010698
17.450000000099543
20.425000000099374
36.60000000009976
39.32500000010038
52.47500000010337
55.250000000104
58.52500000010475
66.87500000010664
70.00000000010735
79.77500000010957
82.45000000011018
85.82500000011095
94.35000000011289
97.25000000011354
101.0250000001144
108.37500000011607
111.25000000011673
114.95000000011757
122.52500000011929
125.32500000011993
128.9000000001197
136.7000000001126
139.47500000011007
142.9500000001069
17.425000000099544
20.400000000099375
36.55000000009975
39.300000000100376
52.42500000010336
55.225000000104
58.70000000010479
66.82500000010663
69.97500000010734
79.72500000010956
82.42500000011017
86.050000000111
94.27500000011287
97.22500000011354
101.17500000011444
108.32500000011606
111.22500000011672
115.05000000011759
122.45000000011927
125.30000000011992
128.95000000011964
136.62500000011266
139.4500000001101
143.00000000010687
17.50000000009954
20.450000000099372
36.62500000009977
39.37500000010039
52.50000000010338
55.30000000010401
58.67500000010478
66.90000000010664
70.07500000010737
79.80000000010958
82.47500000011019
86.02500000011099
94.35000000011289
97.27500000011355
101.0250000001144
108.40000000011608
111.30000000011674
114.97500000011757
122.52500000011929
125.37500000011994
128.92500000011967
136.72500000011257
139.52500000011003
143.00000000010687
17.400000000099546
20.350000000099378
36.55000000009975
39.27500000010037
52.42500000010336
55.20000000010399
58.45000000010473
66.82500000010663
69.95000000010734
79.77500000010957
82.42500000011017
85.82500000011095
94.30000000011287
97.20000000011353
100.82500000011436
108.32500000011606
111.20000000011672
114.77500000011753
122.47500000011928
125.30000000011992
128.75000000011983
136.67500000011262
139.42500000011012
142.82500000010702
17.425000000099544
20.400000000099375
36.62500000009977
39.32500000010038
52.52500000010338
55.27500000010401
58.650000000104775
66.87500000010664
70.00000000010735
79.77500000010957
82.45000000011018
85.95000000011098
94.37500000011289
97.27500000011355
101.4750000001145
108.40000000011608
111.27500000011673
115.30000000011765
122.5500000001193
125.37500000011994
129.17500000011944
136.72500000011257
139.52500000011003
143.22500000010666
17.400000000099546
20.350000000099378
36.525000000099745
39.22500000010036
52.42500000010336
55.15000000010398
58.22500000010468
66.80000000010662
69.87500000010732
79.72500000010956
82.37500000011016
85.70000000011092
94.27500000011287
97.15000000011352
100.52500000011429
108.32500000011606
111.1500000001167
114.50000000011747
122.45000000011927
125.2250000001199
128.50000000012005
136.65000000011264
139.37500000011016
142.57500000010725
17.425000000099544
20.375000000099377
36.525000000099745
39.27500000010037
52.400000000103354
55.175000000103985
58.52500000010475
66.80000000010662
69.97500000010734
79.77500000010957
82.45000000011018
86.00000000011099
94.25000000011286
97.20000000011353
100.97500000011439
108.30000000011606
111.22500000011672
114.92500000011756
122.45000000011927
125.30000000011992
128.8750000001197
136.65000000011264
139.4500000001101
142.9500000001069
17.450000000099543
20.400000000099375
36.575000000099756
39.32500000010038
52.450000000103365
55.225000000104
58.57500000010476
66.85000000010663
70.00000000010735
79.77500000010957
82.45000000011018
86.10000000011101
94.32500000011288
97.27500000011355
101.37500000011448
108.35000000011607
111.27500000011673
115.22500000011763
122.50000000011929
125.35000000011993
129.12500000011948
136.67500000011262
139.50000000011005
143.1750000001067
17.425000000099544
20.375000000099377
36.55000000009975
39.27500000010037
52.47500000010337
55.20000000010399
58.300000000104696
66.82500000010663
69.92500000010733
79.82500000010958
82.45000000011018
85.72500000011092
94.32500000011288
97.22500000011354
100.67500000011432
108.37500000011607
111.22500000011672
114.6500000001175
122.52500000011929
125.32500000011993
128.65000000011992
136.72500000011257
139.47500000011007
142.7500000001071
17.47500000009954
20.425000000099374
36.65000000009977
39.37500000010039
52.52500000010338
55.27500000010401
58.62500000010477
66.87500000010664
70.05000000010736
79.80000000010958
82.47500000011019
85.87500000011096
94.37500000011289
97.30000000011356
101.0250000001144
108.40000000011608
111.32500000011675
114.95000000011757
122.5500000001193
125.40000000011995
128.92500000011967
136.72500000011257
139.55000000011
143.02500000010684
17.47500000009954
20.450000000099372
36.62500000009977
39.35000000010039
52.50000000010338
55.27500000010401
58.52500000010475
66.87500000010664
69.97500000010734
79.77500000010957
82.47500000011019
85.92500000011097
94.35000000011289
97.22500000011354
100.75000000011434
108.37500000011607
111.22500000011672
114.70000000011751
122.52500000011929
125.30000000011992
128.6750000001199
136.7000000001126
139.4500000001101
142.77500000010707
17.425000000099544
20.375000000099377
36.525000000099745
39.250000000100364
52.400000000103354
55.175000000103985
58.35000000010471
66.80000000010662
69.92500000010733
79.75000000010957
82.42500000011017
85.95000000011098
94.25000000011286
97.15000000011352
100.67500000011432
108.30000000011606
111.17500000011671
114.6250000001175
122.45000000011927
125.25000000011991
128.62500000011994
136.62500000011266
139.40000000011014
142.72500000010712
17.375000000099547
20.350000000099378
36.525000000099745
39.250000000100364
52.42500000010336
55.175000000103985
58.37500000010471
66.80000000010662
69.90000000010733
79.67500000010955
82.35000000011016
85.75000000011093
94.27500000011287
97.17500000011353
100.77500000011435
108.32500000011606
111.17500000011671
114.72500000011752
122.45000000011927
125.25000000011991
128.70000000011987
136.65000000011264
139.40000000011014
142.80000000010705
17.47500000009954
20.425000000099374
36.65000000009977
39.37500000010039
52.52500000010338
55.27500000010401
58.80000000010481
66.90000000010664
70.05000000010736
79.82500000010958
82.47500000011019
86.12500000011102
94.37500000011289
97.32500000011356
101.80000000011458
108.42500000011609
111.35000000011675
115.5000000001177
122.5750000001193
125.42500000011995
129.3250000001193
136.75000000011255
139.57500000010998
143.37500000010652
17.400000000099546
20.350000000099378
36.55000000009975
39.300000000100376
52.450000000103365
55.225000000104
58.70000000010479
66.82500000010663
69.97500000010734
79.77500000010957
82.42500000011017
85.97500000011098
94.32500000011288
97.25000000011354
101.4750000001145
108.37500000011607
111.27500000011673
115.30000000011765
122.52500000011929
125.35000000011993
129.17500000011944
136.7000000001126
139.50000000011005
143.22500000010666
17.450000000099543
20.425000000099374
36.62500000009977
39.37500000010039
52.47500000010337
55.250000000104
58.875000000104826
66.82500000010663
70.00000000010735
79.70000000010955
82.45000000011018
86.20000000011103
94.30000000011287
97.25000000011354
101.4750000001145
108.35000000011607
111.25000000011673
115.27500000011764
122.47500000011928
125.32500000011993
129.12500000011948
136.65000000011264
139.47500000011007
143.15000000010673
17.425000000099544
20.400000000099375
36.575000000099756
39.300000000100376
52.450000000103365
55.225000000104
58.650000000104775
66.82500000010663
70.07500000010737
79.82500000010958
82.50000000011019
86.20000000011103
94.32500000011288
97.30000000011356
101.4750000001145
108.35000000011607
111.30000000011674
115.25000000011764
122.50000000011929
125.37500000011994
129.12500000011948
136.7000000001126
139.52500000011003
143.20000000010668
17.450000000099543
20.425000000099374
36.65000000009977
39.35000000010039
52.52500000010338
55.27500000010401
58.67500000010478
66.87500000010664
70.02500000010735
79.80000000010958
82.47500000011019
85.95000000011098
94.37500000011289
97.30000000011356
101.32500000011447
108.42500000011609
111.30000000011674
115.22500000011763
122.5500000001193
125.37500000011994
129.12500000011948
136.75000000011255
139.52500000011003
143.20000000010668
17.35000000009955
20.32500000009938
36.525000000099745
39.250000000100364
52.42500000010336
55.175000000103985
58.35000000010471
66.77500000010662
69.85000000010731
79.67500000010955
82.32500000011015
85.70000000011092
94.27500000011287
97.15000000011352
100.70000000011433
108.32500000011606
111.1500000001167
114.6500000001175
122.45000000011927
125.2250000001199
128.65000000011992
136.62500000011266
139.37500000011016
142.72500000010712
17.35000000009955
20.32500000009938
36.50000000009974
39.250000000100364
52.400000000103354
55.20000000010399
58.72500000010479
66.77500000010662
69.92500000010733
79.67500000010955
82.40000000011017
86.20000000011103
94.27500000011287
97.20000000011353
108.30000000011606
111.17500000011671
115.27500000011764
122.42500000011927
125.25000000011991
129.20000000011942
136.62500000011266
139.40000000011014
143.22500000010666
17.450000000099543
20.400000000099375
36.55000000009975
39.300000000100376
52.450000000103365
55.225000000104
58.57500000010476
66.82500000010663
70.00000000010735
79.75000000010957
82.45000000011018
86.22500000011104
94.30000000011287
97.20000000011353
101.22500000011445
108.32500000011606
111.22500000011672
115.0750000001176
122.47500000011928
125.30000000011992
129.0000000001196
136.67500000011262
139.4500000001101
143.0750000001068
17.425000000099544
20.400000000099375
36.60000000009976
39.300000000100376
52.47500000010337
55.225000000104
58.50000000010474
66.85000000010663
70.00000000010735
79.80000000010958
82.47500000011019
86.12500000011102
94.32500000011288
97.27500000011355
101.17500000011444
108.37500000011607
111.27500000011673
115.02500000011759
122.52500000011929
125.35000000011993
128.97500000011962
136.7000000001126
139.50000000011005
143.05000000010682
17.400000000099546
20.350000000099378
36.575000000099756
39.27500000010037
52.47500000010337
55.225000000104
58.475000000104735
66.85000000010663
69.95000000010734
79.80000000010958
82.42500000011017
85.87500000011096
94.35000000011289
97.22500000011354
100.80000000011435
108.40000000011608
111.25000000011673
114.77500000011753
122.5500000001193
125.35000000011993
128.80000000011978
136.72500000011257
139.50000000011005
142.90000000010696
17.400000000099546
20.375000000099377
36.55000000009975
39.27500000010037
52.42500000010336
55.20000000010399
58.650000000104775
66.82500000010663
70.00000000010735
79.75000000010957
82.42500000011017
86.10000000011101
94.30000000011287
97.25000000011354
101.60000000011453
108.35000000011607
111.25000000011673
115.37500000011767
122.47500000011928
125.35000000011993
129.2250000001194
136.67500000011262
139.50000000011005
143.27500000010662
17.400000000099546
20.375000000099377
36.55000000009975
39.27500000010037
52.450000000103365
55.20000000010399
58.45000000010473
66.80000000010662
69.92500000010733
79.75000000010957
82.40000000011017
85.80000000011094
94.30000000011287
97.17500000011353
100.85000000011436
108.35000000011607
111.20000000011672
114.80000000011754
122.47500000011928
125.27500000011992
128.7750000001198
136.67500000011262
139.42500000011012
142.850000000107
17.425000000099544
20.375000000099377
36.575000000099756
39.300000000100376
52.450000000103365
55.225000000104
58.52500000010475
66.85000000010663
69.92500000010733
79.70000000010955
82.40000000011017
85.95000000011098
94.30000000011287
97.20000000011353
101.05000000011441
108.35000000011607
111.22500000011672
114.95000000011757
122.47500000011928
125.30000000011992
128.8750000001197
136.67500000011262
139.4500000001101
142.92500000010693
17.425000000099544
20.425000000099374
36.60000000009976
39.35000000010039
52.50000000010338
55.27500000010401
58.7500000001048
66.85000000010663
70.07500000010737
79.77500000010957
82.45000000011018
86.00000000011099
94.35000000011289
97.30000000011356
101.9000000001146
108.40000000011608
111.32500000011675
115.45000000011768
122.5500000001193
125.40000000011995
129.27500000011935
136.72500000011257
139.55000000011
143.3000000001066
17.425000000099544
20.375000000099377
36.55000000009975
39.250000000100364
52.450000000103365
55.20000000010399
58.50000000010474
66.82500000010663
69.95000000010734
79.75000000010957
82.42500000011017
85.87500000011096
94.30000000011287
97.22500000011354
101.05000000011441
108.35000000011607
111.25000000011673
114.92500000011756
122.50000000011929
125.32500000011993
128.85000000011973
136.67500000011262
139.47500000011007
142.92500000010693
17.425000000099544
20.400000000099375
36.575000000099756
39.32500000010038
52.47500000010337
55.225000000104
58.50000000010474
66.82500000010663
69.97500000010734
79.75000000010957
82.42500000011017
85.85000000011095
94.32500000011288
97.22500000011354
100.85000000011436
108.35000000011607
111.25000000011673
114.77500000011753
122.50000000011929
125.32500000011993
128.75000000011983
136.67500000011262
139.4500000001101
142.82500000010702
17.50000000009954
20.450000000099372
36.62500000009977
39.35000000010039
52.52500000010338
55.27500000010401
58.62500000010477
66.90000000010664
70.05000000010736
79.80000000010958
82.50000000011019
86.050000000111
94.35000000011289
97.27500000011355
101.05000000011441
108.40000000011608
111.27500000011673
114.97500000011757
122.5500000001193
125.35000000011993
128.92500000011967
136.72500000011257
139.50000000011005
143.00000000010687
17.450000000099543
20.400000000099375
36.60000000009976
39.300000000100376
52.47500000010337
55.225000000104
58.50000000010474
66.85000000010663
69.97500000010734
79.77500000010957
82.45000000011018
85.95000000011098
94.32500000011288
97.20000000011353
100.82500000011436
108.37500000011607
111.22500000011672
114.77500000011753
122.50000000011929
125.30000000011992
128.72500000011985
136.67500000011262
139.4500000001101
142.80000000010705
17.450000000099543
20.425000000099374
36.65000000009977
39.37500000010039
52.50000000010338
55.27500000010401
58.7500000001048
66.85000000010663
69.95000000010734
79.70000000010955
82.42500000011017
86.02500000011099
94.35000000011289
97.25000000011354
101.12500000011443
108.37500000011607
111.25000000011673
115.00000000011758
122.50000000011929
125.32500000011993
128.9000000001197
136.67500000011262
139.4500000001101
142.9500000001069
17.425000000099544
20.400000000099375
36.575000000099756
39.300000000100376
52.450000000103365
55.225000000104
58.70000000010479
66.82500000010663
70.00000000010735
79.77500000010957
82.47500000011019
86.15000000011102
94.32500000011288
97.25000000011354
108.35000000011607
111.25000000011673
115.20000000011763
122.50000000011929
125.32500000011993
129.2250000001194
136.67500000011262
139.50000000011005
143.3000000001066
17.47500000009954
20.425000000099374
36.65000000009977
39.37500000010039
52.50000000010338
55.27500000010401
59.050000000104866
66.87500000010664
70.05000000010736
79.77500000010957
82.47500000011019
86.12500000011102
94.35000000011289
97.32500000011356
108.40000000011608
111.30000000011674
115.5250000001177
122.52500000011929
125.40000000011995
129.4500000001192
136.72500000011257
139.55000000011
143.5000000001064
