14.400000000099716
34.80000000009935
43.92500000010143
56.32500000010425
70.40000000010744
83.75000000011048
96.55000000011339
108.20000000011603
132.7500000001162
145.40000000010468
14.375000000099718
34.75000000009934
43.90000000010142
56.30000000010424
70.42500000010745
83.62500000011045
96.6250000001134
108.20000000011603
132.90000000011605
145.55000000010455
14.400000000099716
34.850000000099364
44.000000000101444
56.20000000010422
70.52500000010747
83.92500000011051
96.55000000011339
108.32500000011606
133.00000000011596
145.67500000010443
14.450000000099713
34.75000000009934
44.000000000101444
56.20000000010422
70.45000000010745
84.07500000011055
96.55000000011339
108.22500000011604
132.950000000116
145.55000000010455
14.400000000099716
34.725000000099335
43.875000000101416
55.925000000104156
70.47500000010746
83.32500000011038
96.67500000011341
108.25000000011605
132.92500000011603
145.52500000010457
14.32500000009972
34.70000000009933
43.875000000101416
55.82500000010413
70.35000000010743
83.62500000011045
96.57500000011339
108.20000000011603
132.7500000001162
145.40000000010468
14.425000000099715
34.70000000009933
43.875000000101416
55.62500000010409
70.30000000010742
83.22500000011036
96.50000000011337
108.17500000011603
132.60000000011632
145.25000000010482
14.375000000099718
34.75000000009934
43.8000000001014
55.700000000104104
70.37500000010743
83.50000000011042
96.42500000011336
108.20000000011603
132.80000000011614
145.42500000010466
14.375000000099718
34.70000000009933
43.875000000101416
56.100000000104195
70.35000000010743
83.52500000011042
96.55000000011339
108.17500000011603
132.7250000001162
145.32500000010475
14.300000000099722
34.65000000009932
43.8000000001014
55.60000000010408
70.2000000001074
83.80000000011049
96.32500000011333
108.15000000011602
132.80000000011614
145.25000000010482
14.275000000099723
34.70000000009933
43.90000000010142
55.90000000010415
70.27500000010741
83.65000000011045
96.6000000001134
108.17500000011603
132.7500000001162
145.30000000010477
14.400000000099716
34.75000000009934
43.875000000101416
55.80000000010413
70.40000000010744
83.72500000011047
96.57500000011339
108.22500000011604
133.05000000011592
145.52500000010457
14.300000000099722
34.80000000009935
43.875000000101416
55.85000000010414
70.35000000010743
83.52500000011042
96.6000000001134
108.17500000011603
132.7500000001162
145.3750000001047
14.425000000099715
34.725000000099335
43.95000000010143
55.750000000104116
70.2500000001074
83.57500000011044
96.6000000001134
108.22500000011604
132.6250000001163
145.20000000010486
14.350000000099719
34.75000000009934
43.875000000101416
56.02500000010418
70.30000000010742
83.4000000001104
96.57500000011339
108.17500000011603
132.67500000011626
145.32500000010475
14.400000000099716
34.75000000009934
43.92500000010143
55.85000000010414
70.45000000010745
83.4500000001104
96.72500000011343
108.30000000011606
132.950000000116
145.55000000010455
14.32500000009972
34.80000000009935
43.95000000010143
55.925000000104156
70.40000000010744
83.72500000011047
96.57500000011339
108.25000000011605
133.00000000011596
145.6000000001045
14.375000000099718
34.75000000009934
43.90000000010142
55.72500000010411
70.35000000010743
83.52500000011042
96.72500000011343
108.22500000011604
132.7500000001162
145.32500000010475
14.400000000099716
34.80000000009935
43.97500000010144
56.100000000104195
70.57500000010748
83.60000000011044
96.6250000001134
108.37500000011607
133.00000000011596
145.7000000001044
14.32500000009972
34.75000000009934
43.85000000010141
55.80000000010413
70.37500000010743
83.77500000011048
96.6000000001134
108.17500000011603
132.92500000011603
145.55000000010455
14.375000000099718
34.725000000099335
43.90000000010142
55.82500000010413
70.40000000010744
83.4250000001104
96.65000000011341
108.25000000011605
133.12500000011585
145.47500000010461
14.300000000099722
34.725000000099335
43.875000000101416
55.65000000010409
70.30000000010742
83.57500000011044
96.50000000011337
108.15000000011602
132.7500000001162
145.35000000010473
14.375000000099718
34.80000000009935
43.90000000010142
56.00000000010417
70.32500000010742
83.32500000011038
96.65000000011341
108.20000000011603
132.7250000001162
145.30000000010477
14.400000000099716
34.77500000009935
44.000000000101444
56.100000000104195
70.62500000010749
83.67500000011046
96.70000000011342
108.42500000011609
133.25000000011573
146.00000000010414
14.425000000099715
34.70000000009933
43.92500000010143
56.275000000104235
70.42500000010745
83.50000000011042
96.67500000011341
108.22500000011604
132.87500000011607
145.40000000010468
14.375000000099718
34.77500000009935
43.95000000010143
55.875000000104144
70.50000000010746
83.72500000011047
96.70000000011342
108.30000000011606
133.00000000011596
145.7000000001044
14.375000000099718
34.725000000099335
43.875000000101416
56.1250000001042
70.45000000010745
84.10000000011055
96.6250000001134
108.22500000011604
132.97500000011598
145.6000000001045
14.350000000099719
34.77500000009935
43.92500000010143
56.1250000001042
70.52500000010747
84.3250000001106
96.65000000011341
108.27500000011605
133.2750000001157
145.80000000010432
14.375000000099718
34.725000000099335
43.825000000101404
55.85000000010414
70.2250000001074
83.52500000011042
96.42500000011336
108.10000000011601
132.55000000011637
145.20000000010486
14.400000000099716
34.675000000099324
43.875000000101416
55.750000000104116
70.17500000010739
83.50000000011042
96.57500000011339
108.15000000011602
132.67500000011626
145.1750000001049
14.425000000099715
34.77500000009935
43.92500000010143
56.1250000001042
70.40000000010744
83.72500000011047
96.6000000001134
108.30000000011606
132.65000000011628
145.3750000001047
14.375000000099718
34.80000000009935
43.95000000010143
55.80000000010413
70.45000000010745
83.77500000011048
96.6000000001134
108.25000000011605
132.90000000011605
145.57500000010452
14.375000000099718
34.75000000009934
43.90000000010142
55.77500000010412
70.40000000010744
83.27500000011037
96.52500000011338
108.22500000011604
132.60000000011632
145.32500000010475
14.400000000099716
34.80000000009935
43.92500000010143
55.95000000010416
70.40000000010744
83.55000000011043
96.72500000011343
108.25000000011605
132.92500000011603
145.52500000010457
14.400000000099716
34.77500000009935
43.92500000010143
56.00000000010417
70.42500000010745
83.62500000011045
96.65000000011341
108.27500000011605
132.90000000011605
145.5000000001046
14.400000000099716
34.725000000099335
43.92500000010143
55.925000000104156
70.52500000010747
83.57500000011044
96.55000000011339
108.35000000011607
133.02500000011594
145.67500000010443
14.350000000099719
34.675000000099324
43.875000000101416
55.6750000001041
70.2500000001074
83.30000000011037
96.6250000001134
108.20000000011603
132.65000000011628
145.25000000010482
14.32500000009972
34.75000000009934
43.85000000010141
55.97500000010417
70.35000000010743
84.15000000011057
96.50000000011337
108.17500000011603
132.8500000001161
145.47500000010461
14.300000000099722
34.675000000099324
43.825000000101404
55.90000000010415
70.27500000010741
83.60000000011044
96.42500000011336
108.15000000011602
132.6250000001163
145.2750000001048
14.450000000099713
34.675000000099324
43.875000000101416
55.85000000010414
70.32500000010742
83.32500000011038
96.57500000011339
108.22500000011604
132.90000000011605
145.3750000001047
14.425000000099715
34.725000000099335
43.85000000010141
56.17500000010421
70.2250000001074
83.20000000011035
96.42500000011336
108.075000000116
132.57500000011635
145.10000000010496
14.275000000099723
34.675000000099324
43.825000000101404
55.6750000001041
70.17500000010739
83.4000000001104
96.45000000011336
108.12500000011602
132.6250000001163
145.12500000010493
14.400000000099716
34.70000000009933
43.90000000010142
55.95000000010416
70.32500000010742
83.67500000011046
96.52500000011338
108.20000000011603
132.7250000001162
145.25000000010482
14.450000000099713
34.725000000099335
43.97500000010144
56.400000000104264
70.50000000010746
83.92500000011051
96.65000000011341
108.32500000011606
133.15000000011582
145.65000000010446
14.32500000009972
34.80000000009935
43.92500000010143
55.85000000010414
70.47500000010746
83.82500000011049
96.70000000011342
108.30000000011606
133.0750000001159
145.65000000010446
14.300000000099722
34.725000000099335
43.90000000010142
55.85000000010414
70.40000000010744
83.52500000011042
96.55000000011339
108.25000000011605
132.950000000116
145.52500000010457
14.375000000099718
34.725000000099335
43.95000000010143
56.050000000104184
70.47500000010746
83.47500000011041
96.57500000011339
108.27500000011605
132.82500000011612
145.5000000001046
14.375000000099718
34.70000000009933
43.92500000010143
55.875000000104144
70.50000000010746
84.2750000001106
96.65000000011341
108.30000000011606
133.05000000011592
145.7250000001044
14.400000000099716
34.80000000009935
43.90000000010142
56.100000000104195
70.40000000010744
83.27500000011037
96.6250000001134
108.17500000011603
132.70000000011623
145.30000000010477
14.400000000099716
34.77500000009935
43.92500000010143
55.95000000010416
70.45000000010745
83.57500000011044
96.6000000001134
108.27500000011605
132.92500000011603
145.55000000010455
14.375000000099718
34.80000000009935
43.90000000010142
56.42500000010427
70.40000000010744
83.80000000011049
96.65000000011341
108.22500000011604
132.8500000001161
145.45000000010464
14.400000000099716
34.75000000009934
44.000000000101444
56.07500000010419
70.60000000010749
83.97500000011053
96.75000000011343
108.40000000011608
133.15000000011582
145.87500000010425
14.350000000099719
34.725000000099335
43.90000000010142
55.80000000010413
70.37500000010743
83.70000000011046
96.57500000011339
108.25000000011605
132.92500000011603
145.45000000010464
14.32500000009972
34.725000000099335
43.95000000010143
55.97500000010417
70.40000000010744
83.52500000011042
96.65000000011341
108.25000000011605
132.87500000011607
145.5000000001046
14.400000000099716
34.75000000009934
43.95000000010143
56.30000000010424
70.52500000010747
84.00000000011053
96.72500000011343
108.32500000011606
132.97500000011598
145.7000000001044
14.375000000099718
34.675000000099324
43.85000000010141
55.750000000104116
70.30000000010742
83.77500000011048
96.6250000001134
108.20000000011603
132.70000000011623
145.2750000001048
14.32500000009972
34.77500000009935
43.95000000010143
56.00000000010417
70.37500000010743
83.8750000001105
96.57500000011339
108.20000000011603
132.90000000011605
145.40000000010468
14.375000000099718
34.80000000009935
43.95000000010143
56.050000000104184
70.47500000010746
83.52500000011042
96.6250000001134
108.22500000011604
132.7250000001162
145.5000000001046
14.375000000099718
34.70000000009933
43.8000000001014
55.47500000010405
70.15000000010738
83.15000000011034
96.45000000011336
108.17500000011603
132.55000000011637
145.10000000010496
14.375000000099718
34.75000000009934
43.95000000010143
55.82500000010413
70.47500000010746
83.65000000011045
96.77500000011344
108.25000000011605
132.97500000011598
145.6000000001045
14.400000000099716
34.75000000009934
43.95000000010143
56.050000000104184
70.47500000010746
83.70000000011046
96.67500000011341
108.30000000011606
133.02500000011594
145.65000000010446
14.425000000099715
34.70000000009933
43.90000000010142
55.80000000010413
70.27500000010741
83.4250000001104
96.37500000011335
108.22500000011604
132.70000000011623
145.1750000001049
14.425000000099715
34.70000000009933
43.92500000010143
55.925000000104156
70.52500000010747
83.55000000011043
96.65000000011341
108.32500000011606
132.97500000011598
145.52500000010457
14.350000000099719
34.80000000009935
43.92500000010143
55.77500000010412
70.47500000010746
84.02500000011054
96.6000000001134
108.27500000011605
132.90000000011605
145.57500000010452
14.400000000099716
34.75000000009934
43.97500000010144
56.32500000010425
70.42500000010745
83.60000000011044
96.72500000011343
108.22500000011604
132.97500000011598
145.5000000001046
14.300000000099722
34.850000000099364
43.95000000010143
56.275000000104235
70.45000000010745
83.60000000011044
96.6250000001134
108.22500000011604
132.950000000116
145.6000000001045
14.275000000099723
34.70000000009933
43.92500000010143
56.00000000010417
70.40000000010744
83.8500000001105
96.6000000001134
108.20000000011603
132.950000000116
145.52500000010457
14.375000000099718
34.675000000099324
43.90000000010142
56.17500000010421
70.2500000001074
83.4250000001104
96.6000000001134
108.17500000011603
132.5250000001164
145.22500000010484
14.375000000099718
34.675000000099324
43.95000000010143
55.95000000010416
70.35000000010743
83.32500000011038
96.65000000011341
108.25000000011605
132.60000000011632
145.3750000001047
14.475000000099712
34.725000000099335
43.97500000010144
55.97500000010417
70.50000000010746
83.57500000011044
96.6000000001134
108.40000000011608
132.97500000011598
145.65000000010446
14.375000000099718
34.675000000099324
43.92500000010143
55.85000000010414
70.45000000010745
83.75000000011048
96.6250000001134
108.25000000011605
132.8500000001161
145.52500000010457
14.425000000099715
34.725000000099335
43.92500000010143
56.02500000010418
70.40000000010744
83.47500000011041
96.65000000011341
108.20000000011603
132.7500000001162
145.35000000010473
14.375000000099718
34.62500000009931
43.90000000010142
55.85000000010414
70.52500000010747
83.4500000001104
96.57500000011339
108.27500000011605
132.90000000011605
145.6000000001045
14.350000000099719
34.850000000099364
43.97500000010144
55.95000000010416
70.45000000010745
84.02500000011054
96.6250000001134
108.27500000011605
132.90000000011605
145.57500000010452
14.425000000099715
34.80000000009935
43.97500000010144
55.82500000010413
70.47500000010746
83.70000000011046
96.65000000011341
108.30000000011606
132.87500000011607
145.52500000010457
14.350000000099719
34.80000000009935
43.90000000010142
56.00000000010417
70.47500000010746
83.8500000001105
96.65000000011341
108.27500000011605
132.97500000011598
145.67500000010443
14.32500000009972
34.725000000099335
43.90000000010142
56.100000000104195
70.40000000010744
83.62500000011045
96.57500000011339
108.25000000011605
132.950000000116
145.45000000010464
14.350000000099719
34.725000000099335
43.90000000010142
55.82500000010413
70.2250000001074
83.22500000011036
96.57500000011339
108.22500000011604
132.67500000011626
145.22500000010484
14.375000000099718
34.80000000009935
43.92500000010143
55.95000000010416
70.45000000010745
83.90000000011051
96.6000000001134
108.35000000011607
133.0750000001159
145.7250000001044
14.425000000099715
34.725000000099335
43.875000000101416
55.90000000010415
70.32500000010742
83.47500000011041
96.6000000001134
108.17500000011603
132.70000000011623
145.2750000001048
14.400000000099716
34.75000000009934
43.92500000010143
55.95000000010416
70.47500000010746
83.65000000011045
96.65000000011341
108.27500000011605
133.02500000011594
145.6000000001045
14.32500000009972
34.77500000009935
43.90000000010142
56.02500000010418
70.50000000010746
84.02500000011054
96.65000000011341
108.25000000011605
133.12500000011585
145.80000000010432
14.475000000099712
34.725000000099335
43.97500000010144
55.925000000104156
70.52500000010747
83.8750000001105
96.67500000011341
108.35000000011607
133.12500000011585
145.7000000001044
14.425000000099715
34.65000000009932
43.90000000010142
55.95000000010416
70.40000000010744
83.4000000001104
96.65000000011341
108.25000000011605
132.7250000001162
145.3750000001047
14.475000000099712
34.70000000009933
43.97500000010144
55.700000000104104
70.45000000010745
83.47500000011041
96.67500000011341
108.30000000011606
132.90000000011605
145.45000000010464
14.300000000099722
34.75000000009934
43.92500000010143
56.02500000010418
70.37500000010743
83.67500000011046
96.6250000001134
108.20000000011603
132.950000000116
145.55000000010455
14.350000000099719
34.725000000099335
43.85000000010141
56.050000000104184
70.2500000001074
83.32500000011038
96.55000000011339
108.15000000011602
132.7250000001162
145.2750000001048
14.300000000099722
34.75000000009934
43.875000000101416
55.750000000104116
70.40000000010744
83.55000000011043
96.6000000001134
108.22500000011604
132.950000000116
145.45000000010464
14.375000000099718
34.77500000009935
43.875000000101416
55.875000000104144
70.30000000010742
83.4250000001104
96.52500000011338
108.20000000011603
132.6250000001163
145.30000000010477
14.450000000099713
34.75000000009934
43.97500000010144
56.100000000104195
70.40000000010744
83.77500000011048
96.75000000011343
108.30000000011606
132.82500000011612
145.47500000010461
14.425000000099715
34.75000000009934
43.97500000010144
55.90000000010415
70.47500000010746
83.75000000011048
96.6250000001134
108.30000000011606
133.00000000011596
145.52500000010457
14.350000000099719
34.80000000009935
43.92500000010143
55.925000000104156
70.40000000010744
83.4250000001104
96.55000000011339
108.22500000011604
132.92500000011603
145.3750000001047
14.375000000099718
34.675000000099324
43.875000000101416
55.875000000104144
70.35000000010743
83.27500000011037
96.6000000001134
108.20000000011603
132.67500000011626
145.32500000010475
14.375000000099718
34.80000000009935
44.02500000010145
56.1250000001042
70.47500000010746
83.75000000011048
96.75000000011343
108.27500000011605
132.950000000116
145.7250000001044
14.425000000099715
34.77500000009935
43.97500000010144
55.875000000104144
70.45000000010745
83.57500000011044
96.77500000011344
108.27500000011605
133.00000000011596
145.55000000010455
14.400000000099716
34.77500000009935
43.97500000010144
56.450000000104275
70.52500000010747
83.70000000011046
96.82500000011345
108.32500000011606
133.05000000011592
145.77500000010434
14.375000000099718
34.70000000009933
43.92500000010143
55.750000000104116
70.42500000010745
83.72500000011047
96.70000000011342
108.27500000011605
132.77500000011617
145.42500000010466
14.450000000099713
34.77500000009935
44.07500000010146
56.77500000010435
70.60000000010749
84.07500000011055
96.80000000011344
108.40000000011608
133.22500000011576
145.90000000010423
14.425000000099715
34.77500000009935
43.90000000010142
56.17500000010421
70.35000000010743
83.52500000011042
96.65000000011341
108.25000000011605
132.67500000011626
145.35000000010473
14.350000000099719
34.725000000099335
43.90000000010142
55.77500000010412
70.32500000010742
83.4500000001104
96.6250000001134
108.17500000011603
132.70000000011623
145.2750000001048
14.350000000099719
34.75000000009934
43.95000000010143
56.42500000010427
70.55000000010747
83.75000000011048
96.57500000011339
108.35000000011607
133.05000000011592
145.80000000010432
14.50000000009971
34.80000000009935
43.95000000010143
56.00000000010417
70.50000000010746
83.8750000001105
96.72500000011343
108.32500000011606
132.87500000011607
145.52500000010457
14.400000000099716
34.725000000099335
43.97500000010144
56.77500000010435
70.57500000010748
84.00000000011053
96.67500000011341
108.35000000011607
133.20000000011578
145.80000000010432
14.375000000099718
34.675000000099324
43.97500000010144
55.97500000010417
70.50000000010746
83.60000000011044
96.65000000011341
108.32500000011606
133.0750000001159
145.7000000001044
14.350000000099719
34.77500000009935
43.90000000010142
55.77500000010412
70.45000000010745
83.80000000011049
96.57500000011339
108.32500000011606
133.0750000001159
145.55000000010455
14.300000000099722
34.75000000009934
43.92500000010143
55.90000000010415
70.40000000010744
83.60000000011044
96.6000000001134
108.22500000011604
132.7500000001162
145.40000000010468
14.375000000099718
34.75000000009934
43.95000000010143
56.00000000010417
70.42500000010745
84.22500000011058
96.6000000001134
108.27500000011605
133.00000000011596
145.65000000010446
14.32500000009972
34.82500000009936
43.92500000010143
56.37500000010426
70.50000000010746
83.65000000011045
96.70000000011342
108.27500000011605
133.12500000011585
145.75000000010436
14.400000000099716
34.77500000009935
43.90000000010142
56.32500000010425
70.42500000010745
83.70000000011046
96.57500000011339
108.25000000011605
132.92500000011603
145.47500000010461
14.375000000099718
34.675000000099324
43.90000000010142
56.47500000010428
70.42500000010745
83.35000000011038
96.6000000001134
108.27500000011605
132.65000000011628
145.42500000010466
14.425000000099715
34.725000000099335
43.90000000010142
55.97500000010417
70.2000000001074
83.67500000011046
96.6250000001134
108.17500000011603
132.70000000011623
145.20000000010486
14.350000000099719
34.75000000009934
43.90000000010142
56.00000000010417
70.42500000010745
83.70000000011046
96.6000000001134
108.22500000011604
133.00000000011596
145.52500000010457
14.32500000009972
34.675000000099324
43.90000000010142
55.72500000010411
70.30000000010742
83.72500000011047
96.57500000011339
108.15000000011602
132.7250000001162
145.2750000001048
14.50000000009971
34.725000000099335
43.95000000010143
55.72500000010411
70.37500000010743
83.77500000011048
96.70000000011342
108.32500000011606
132.77500000011617
145.3750000001047
14.300000000099722
34.75000000009934
43.97500000010144
56.17500000010421
70.35000000010743
83.95000000011052
96.65000000011341
108.25000000011605
132.950000000116
145.52500000010457
14.425000000099715
34.80000000009935
43.95000000010143
55.90000000010415
70.37500000010743
83.82500000011049
96.65000000011341
108.30000000011606
132.80000000011614
145.45000000010464
14.275000000099723
34.75000000009934
43.825000000101404
56.20000000010422
70.37500000010743
83.4250000001104
96.52500000011338
108.12500000011602
132.7500000001162
145.40000000010468
14.32500000009972
34.80000000009935
43.95000000010143
56.00000000010417
70.42500000010745
83.70000000011046
96.70000000011342
108.22500000011604
132.950000000116
145.55000000010455
14.475000000099712
34.65000000009932
44.000000000101444
56.15000000010421
70.50000000010746
83.75000000011048
96.80000000011344
108.35000000011607
133.12500000011585
145.7000000001044
14.300000000099722
34.77500000009935
43.90000000010142
56.050000000104184
70.40000000010744
83.77500000011048
96.6250000001134
108.27500000011605
133.05000000011592
145.57500000010452
14.350000000099719
34.77500000009935
43.90000000010142
56.20000000010422
70.40000000010744
83.75000000011048
96.67500000011341
108.22500000011604
133.0750000001159
145.6000000001045
14.275000000099723
34.77500000009935
43.97500000010144
56.400000000104264
70.50000000010746
84.2750000001106
96.75000000011343
108.30000000011606
133.10000000011587
145.85000000010427
14.350000000099719
34.77500000009935
44.000000000101444
56.32500000010425
70.47500000010746
83.65000000011045
96.70000000011342
108.32500000011606
132.92500000011603
145.7000000001044
14.450000000099713
34.725000000099335
43.92500000010143
55.85000000010414
70.47500000010746
83.62500000011045
96.6000000001134
108.27500000011605
132.8500000001161
145.47500000010461
14.400000000099716
34.725000000099335
43.92500000010143
56.02500000010418
70.40000000010744
83.52500000011042
96.67500000011341
108.30000000011606
132.77500000011617
145.40000000010468
14.32500000009972
34.725000000099335
43.97500000010144
55.77500000010412
70.35000000010743
83.65000000011045
96.6250000001134
108.20000000011603
132.90000000011605
145.45000000010464
14.375000000099718
34.77500000009935
43.875000000101416
56.050000000104184
70.42500000010745
83.35000000011038
96.65000000011341
108.22500000011604
132.77500000011617
145.3750000001047
14.425000000099715
34.80000000009935
43.97500000010144
56.02500000010418
70.50000000010746
83.50000000011042
96.72500000011343
108.27500000011605
132.92500000011603
145.55000000010455
14.400000000099716
34.75000000009934
43.92500000010143
56.1250000001042
70.32500000010742
83.8750000001105
96.50000000011337
108.20000000011603
132.7250000001162
145.32500000010475
14.400000000099716
34.82500000009936
43.95000000010143
55.80000000010413
70.47500000010746
83.92500000011051
96.70000000011342
108.30000000011606
133.15000000011582
145.67500000010443
14.375000000099718
34.77500000009935
43.97500000010144
56.1250000001042
70.45000000010745
83.8750000001105
96.67500000011341
108.27500000011605
132.950000000116
145.62500000010448
14.450000000099713
34.70000000009933
43.92500000010143
55.85000000010414
70.37500000010743
83.4250000001104
96.57500000011339
108.27500000011605
132.8500000001161
145.3750000001047
14.350000000099719
34.77500000009935
43.92500000010143
55.72500000010411
70.42500000010745
83.4000000001104
96.65000000011341
108.30000000011606
133.0750000001159
145.52500000010457
14.400000000099716
34.75000000009934
43.90000000010142
56.07500000010419
70.40000000010744
83.52500000011042
96.65000000011341
108.27500000011605
132.90000000011605
145.45000000010464
14.350000000099719
34.75000000009934
43.875000000101416
56.02500000010418
70.45000000010745
83.8750000001105
96.55000000011339
108.22500000011604
132.97500000011598
145.62500000010448
14.300000000099722
34.725000000099335
43.90000000010142
56.25000000010423
70.40000000010744
83.8500000001105
96.50000000011337
108.22500000011604
132.8500000001161
145.55000000010455
14.350000000099719
34.725000000099335
43.92500000010143
55.97500000010417
70.45000000010745
83.72500000011047
96.47500000011337
108.22500000011604
133.02500000011594
145.55000000010455
14.32500000009972
34.75000000009934
43.95000000010143
56.100000000104195
70.42500000010745
83.57500000011044
96.6000000001134
108.20000000011603
133.00000000011596
145.57500000010452
14.350000000099719
34.70000000009933
43.875000000101416
55.90000000010415
70.45000000010745
83.4250000001104
96.55000000011339
108.25000000011605
132.950000000116
145.57500000010452
14.350000000099719
34.75000000009934
43.875000000101416
56.050000000104184
70.40000000010744
83.60000000011044
96.55000000011339
108.20000000011603
132.950000000116
145.52500000010457
14.450000000099713
34.70000000009933
43.875000000101416
55.90000000010415
70.2500000001074
83.32500000011038
96.52500000011338
108.20000000011603
132.70000000011623
145.20000000010486
14.450000000099713
34.82500000009936
44.000000000101444
55.925000000104156
70.50000000010746
83.77500000011048
96.75000000011343
108.35000000011607
133.0750000001159
145.7250000001044
14.375000000099718
34.75000000009934
43.92500000010143
56.1250000001042
70.47500000010746
83.4000000001104
96.65000000011341
108.27500000011605
133.00000000011596
145.5000000001046
14.450000000099713
34.725000000099335
44.050000000101456
56.00000000010417
70.47500000010746
83.65000000011045
96.77500000011344
108.40000000011608
133.00000000011596
145.62500000010448
14.300000000099722
34.725000000099335
43.8000000001014
55.97500000010417
70.2500000001074
83.25000000011036
96.6250000001134
108.12500000011602
132.50000000011642
145.1750000001049
14.450000000099713
34.77500000009935
43.95000000010143
56.15000000010421
70.40000000010744
83.52500000011042
96.72500000011343
108.25000000011605
132.77500000011617
145.45000000010464
14.400000000099716
34.70000000009933
43.875000000101416
55.925000000104156
70.32500000010742
83.47500000011041
96.6000000001134
108.20000000011603
132.7500000001162
145.30000000010477
14.425000000099715
34.725000000099335
43.90000000010142
56.02500000010418
70.35000000010743
83.37500000011039
96.67500000011341
108.27500000011605
132.7500000001162
145.40000000010468
14.300000000099722
34.725000000099335
43.92500000010143
55.77500000010412
70.42500000010745
84.47500000011064
96.6000000001134
108.25000000011605
133.12500000011585
145.67500000010443
14.32500000009972
34.75000000009934
43.92500000010143
55.875000000104144
70.32500000010742
83.60000000011044
96.57500000011339
108.20000000011603
132.950000000116
145.47500000010461
14.375000000099718
34.77500000009935
43.92500000010143
55.875000000104144
70.35000000010743
83.4250000001104
96.52500000011338
108.25000000011605
132.82500000011612
145.47500000010461
14.375000000099718
34.75000000009934
43.90000000010142
56.050000000104184
70.40000000010744
83.52500000011042
96.65000000011341
108.20000000011603
132.92500000011603
145.5000000001046
14.450000000099713
34.87500000009937
44.000000000101444
56.450000000104275
70.55000000010747
84.2750000001106
96.75000000011343
108.35000000011607
133.12500000011585
145.85000000010427
14.375000000099718
34.75000000009934
43.92500000010143
56.02500000010418
70.32500000010742
83.70000000011046
96.50000000011337
108.17500000011603
132.67500000011626
145.35000000010473
14.400000000099716
34.65000000009932
43.90000000010142
56.17500000010421
70.42500000010745
83.32500000011038
96.65000000011341
108.25000000011605
132.67500000011626
145.42500000010466
14.375000000099718
34.77500000009935
43.97500000010144
55.97500000010417
70.55000000010747
83.90000000011051
96.67500000011341
108.35000000011607
133.00000000011596
145.77500000010434
14.375000000099718
34.77500000009935
43.85000000010141
55.85000000010414
70.40000000010744
83.57500000011044
96.47500000011337
108.20000000011603
132.7500000001162
145.40000000010468
14.350000000099719
34.725000000099335
43.95000000010143
55.97500000010417
70.42500000010745
83.62500000011045
96.6000000001134
108.30000000011606
132.87500000011607
145.45000000010464
14.375000000099718
34.75000000009934
43.85000000010141
55.90000000010415
70.2250000001074
83.35000000011038
96.50000000011337
108.15000000011602
132.57500000011635
145.1750000001049
14.350000000099719
34.75000000009934
43.90000000010142
56.37500000010426
70.42500000010745
83.4250000001104
96.55000000011339
108.17500000011603
132.77500000011617
145.32500000010475
14.350000000099719
34.80000000009935
43.92500000010143
56.25000000010423
70.32500000010742
83.47500000011041
96.45000000011336
108.17500000011603
132.82500000011612
145.35000000010473
14.300000000099722
34.77500000009935
43.85000000010141
55.90000000010415
70.40000000010744
83.55000000011043
96.6000000001134
108.22500000011604
133.02500000011594
145.55000000010455
14.350000000099719
34.77500000009935
43.90000000010142
56.20000000010422
70.35000000010743
84.07500000011055
96.65000000011341
108.20000000011603
132.90000000011605
145.45000000010464
14.32500000009972
34.77500000009935
43.875000000101416
56.25000000010423
70.40000000010744
83.65000000011045
96.57500000011339
108.17500000011603
132.77500000011617
145.40000000010468
14.350000000099719
34.80000000009935
43.95000000010143
56.975000000104394
70.52500000010747
84.70000000011069
96.75000000011343
108.32500000011606
133.20000000011578
145.90000000010423
14.450000000099713
34.725000000099335
43.875000000101416
55.80000000010413
70.2500000001074
83.75000000011048
96.6000000001134
108.17500000011603
132.70000000011623
145.1750000001049
14.375000000099718
34.75000000009934
43.92500000010143
55.875000000104144
70.40000000010744
83.62500000011045
96.6000000001134
108.22500000011604
132.87500000011607
145.52500000010457
14.475000000099712
34.675000000099324
43.875000000101416
55.80000000010413
70.30000000010742
83.32500000011038
96.57500000011339
108.17500000011603
132.60000000011632
145.2750000001048
14.400000000099716
34.77500000009935
43.95000000010143
55.80000000010413
70.45000000010745
83.97500000011053
96.67500000011341
108.27500000011605
133.12500000011585
145.52500000010457
14.400000000099716
34.77500000009935
44.000000000101444
56.07500000010419
70.52500000010747
83.60000000011044
96.70000000011342
108.30000000011606
132.87500000011607
145.52500000010457
14.375000000099718
34.75000000009934
43.875000000101416
55.95000000010416
70.52500000010747
83.60000000011044
96.57500000011339
108.27500000011605
132.80000000011614
145.47500000010461
14.375000000099718
34.725000000099335
44.02500000010145
56.100000000104195
70.57500000010748
84.12500000011056
96.72500000011343
108.37500000011607
133.05000000011592
145.8250000001043
14.350000000099719
34.725000000099335
43.95000000010143
56.00000000010417
70.42500000010745
83.60000000011044
96.67500000011341
108.25000000011605
132.77500000011617
145.5000000001046
14.375000000099718
34.725000000099335
43.95000000010143
55.82500000010413
70.37500000010743
83.52500000011042
96.50000000011337
108.25000000011605
132.82500000011612
145.40000000010468
14.350000000099719
34.675000000099324
43.875000000101416
56.17500000010421
70.35000000010743
83.97500000011053
96.6250000001134
108.20000000011603
133.00000000011596
145.45000000010464
14.425000000099715
34.65000000009932
43.92500000010143
56.07500000010419
70.32500000010742
83.32500000011038
96.65000000011341
108.22500000011604
132.87500000011607
145.32500000010475
14.425000000099715
34.75000000009934
43.92500000010143
56.25000000010423
70.52500000010747
83.92500000011051
96.70000000011342
108.30000000011606
133.00000000011596
145.67500000010443
14.375000000099718
34.82500000009936
44.050000000101456
56.15000000010421
70.47500000010746
83.8500000001105
96.75000000011343
108.25000000011605
132.90000000011605
145.6000000001045
14.350000000099719
34.725000000099335
43.875000000101416
55.875000000104144
70.45000000010745
83.67500000011046
96.52500000011338
108.25000000011605
132.80000000011614
145.45000000010464
14.450000000099713
34.75000000009934
43.875000000101416
55.72500000010411
70.32500000010742
83.80000000011049
96.55000000011339
108.22500000011604
132.82500000011612
145.32500000010475
14.375000000099718
34.80000000009935
43.97500000010144
56.25000000010423
70.52500000010747
83.80000000011049
96.70000000011342
108.27500000011605
133.05000000011592
145.75000000010436
14.375000000099718
34.75000000009934
43.875000000101416
55.95000000010416
70.40000000010744
83.57500000011044
96.55000000011339
108.22500000011604
132.7500000001162
145.40000000010468
14.400000000099716
34.675000000099324
43.875000000101416
55.80000000010413
70.27500000010741
83.35000000011038
96.6000000001134
108.22500000011604
132.65000000011628
145.1750000001049
14.400000000099716
34.725000000099335
43.95000000010143
56.225000000104224
70.52500000010747
84.10000000011055
96.6000000001134
108.30000000011606
133.15000000011582
145.7250000001044
14.550000000099708
34.75000000009934
43.97500000010144
56.02500000010418
70.50000000010746
83.4000000001104
96.70000000011342
108.35000000011607
133.00000000011596
145.5000000001046
14.450000000099713
34.80000000009935
44.000000000101444
55.95000000010416
70.50000000010746
84.07500000011055
96.65000000011341
108.30000000011606
132.950000000116
145.62500000010448
14.300000000099722
34.82500000009936
43.90000000010142
56.17500000010421
70.45000000010745
83.80000000011049
96.57500000011339
108.22500000011604
133.00000000011596
145.67500000010443
14.350000000099719
34.725000000099335
43.875000000101416
55.72500000010411
70.27500000010741
83.77500000011048
96.52500000011338
108.17500000011603
132.70000000011623
145.2750000001048
14.425000000099715
34.70000000009933
43.90000000010142
56.050000000104184
70.47500000010746
83.65000000011045
96.6000000001134
108.30000000011606
132.87500000011607
145.55000000010455
14.350000000099719
34.75000000009934
43.97500000010144
56.225000000104224
70.42500000010745
84.15000000011057
96.65000000011341
108.20000000011603
133.05000000011592
145.65000000010446
14.375000000099718
34.725000000099335
43.85000000010141
55.750000000104116
70.37500000010743
83.50000000011042
96.6250000001134
108.17500000011603
132.7500000001162
145.40000000010468
14.350000000099719
34.675000000099324
43.90000000010142
55.925000000104156
70.40000000010744
83.60000000011044
96.55000000011339
108.22500000011604
132.92500000011603
145.47500000010461
14.375000000099718
34.725000000099335
44.050000000101456
56.35000000010425
70.45000000010745
83.77500000011048
96.67500000011341
108.30000000011606
132.90000000011605
145.57500000010452
14.425000000099715
34.725000000099335
43.90000000010142
56.15000000010421
70.37500000010743
83.55000000011043
96.67500000011341
108.25000000011605
132.7250000001162
145.35000000010473
14.475000000099712
34.75000000009934
43.92500000010143
55.95000000010416
70.42500000010745
83.67500000011046
96.65000000011341
108.25000000011605
133.00000000011596
145.3750000001047
14.375000000099718
34.675000000099324
43.92500000010143
55.90000000010415
70.42500000010745
83.4000000001104
96.6250000001134
108.25000000011605
132.77500000011617
145.40000000010468
14.425000000099715
34.82500000009936
43.95000000010143
56.32500000010425
70.55000000010747
83.80000000011049
96.6250000001134
108.27500000011605
133.05000000011592
145.67500000010443
14.350000000099719
34.77500000009935
43.97500000010144
55.90000000010415
70.50000000010746
84.15000000011057
96.70000000011342
108.27500000011605
133.10000000011587
145.85000000010427
14.400000000099716
34.675000000099324
43.85000000010141
55.80000000010413
70.37500000010743
83.57500000011044
96.55000000011339
108.20000000011603
132.7500000001162
145.30000000010477
14.450000000099713
34.77500000009935
43.875000000101416
55.65000000010409
70.27500000010741
83.65000000011045
96.47500000011337
108.15000000011602
132.65000000011628
145.22500000010484
14.425000000099715
34.675000000099324
43.875000000101416
55.80000000010413
70.50000000010746
83.60000000011044
96.67500000011341
108.32500000011606
132.92500000011603
145.57500000010452
14.32500000009972
34.75000000009934
43.95000000010143
56.050000000104184
70.35000000010743
83.70000000011046
96.57500000011339
108.22500000011604
132.87500000011607
145.40000000010468
14.400000000099716
34.82500000009936
44.02500000010145
55.925000000104156
70.50000000010746
83.70000000011046
96.70000000011342
108.35000000011607
133.00000000011596
145.6000000001045
14.450000000099713
34.725000000099335
44.050000000101456
56.100000000104195
70.50000000010746
84.02500000011054
96.6250000001134
108.30000000011606
132.87500000011607
145.6000000001045
14.450000000099713
34.82500000009936
43.875000000101416
56.07500000010419
70.40000000010744
83.50000000011042
96.52500000011338
108.22500000011604
132.7500000001162
145.32500000010475
14.425000000099715
34.75000000009934
43.95000000010143
56.00000000010417
70.52500000010747
83.60000000011044
96.75000000011343
108.32500000011606
132.97500000011598
145.57500000010452
14.300000000099722
34.725000000099335
43.90000000010142
56.00000000010417
70.37500000010743
83.65000000011045
96.55000000011339
108.22500000011604
132.70000000011623
145.42500000010466
14.400000000099716
34.87500000009937
44.000000000101444
55.95000000010416
70.45000000010745
83.62500000011045
96.6000000001134
108.30000000011606
133.00000000011596
145.55000000010455
14.375000000099718
34.80000000009935
43.825000000101404
56.07500000010419
70.47500000010746
83.55000000011043
96.6000000001134
108.25000000011605
132.950000000116
145.6000000001045
14.400000000099716
34.70000000009933
43.90000000010142
55.82500000010413
70.27500000010741
83.52500000011042
96.52500000011338
108.20000000011603
132.57500000011635
145.22500000010484
14.275000000099723
34.70000000009933
43.90000000010142
55.95000000010416
70.32500000010742
83.8500000001105
96.6000000001134
108.25000000011605
132.82500000011612
145.3750000001047
14.400000000099716
34.77500000009935
43.95000000010143
56.02500000010418
70.47500000010746
83.57500000011044
96.72500000011343
108.30000000011606
132.90000000011605
145.55000000010455
14.375000000099718
34.675000000099324
43.85000000010141
56.07500000010419
70.42500000010745
83.4250000001104
96.6000000001134
108.22500000011604
132.8500000001161
145.47500000010461
14.350000000099719
34.75000000009934
43.92500000010143
56.02500000010418
70.37500000010743
83.82500000011049
96.6250000001134
108.17500000011603
132.7500000001162
145.45000000010464
14.350000000099719
34.80000000009935
43.90000000010142
55.925000000104156
70.45000000010745
83.52500000011042
96.65000000011341
108.22500000011604
133.02500000011594
145.57500000010452
14.350000000099719
34.75000000009934
43.95000000010143
55.97500000010417
70.37500000010743
83.65000000011045
96.67500000011341
108.17500000011603
132.70000000011623
145.3750000001047
14.350000000099719
34.70000000009933
43.85000000010141
55.82500000010413
70.40000000010744
83.92500000011051
96.42500000011336
108.30000000011606
132.87500000011607
145.5000000001046
14.425000000099715
34.70000000009933
43.875000000101416
55.80000000010413
70.37500000010743
83.57500000011044
96.57500000011339
108.22500000011604
132.80000000011614
145.40000000010468
14.350000000099719
34.75000000009934
43.97500000010144
56.00000000010417
70.45000000010745
84.02500000011054
96.72500000011343
108.25000000011605
133.00000000011596
145.7000000001044
14.375000000099718
34.77500000009935
43.95000000010143
55.85000000010414
70.42500000010745
83.92500000011051
96.67500000011341
108.30000000011606
132.950000000116
145.55000000010455
14.350000000099719
34.75000000009934
43.95000000010143
56.15000000010421
70.52500000010747
83.37500000011039
96.65000000011341
108.32500000011606
132.97500000011598
145.65000000010446
14.400000000099716
34.725000000099335
43.875000000101416
55.97500000010417
70.42500000010745
83.57500000011044
96.6000000001134
108.27500000011605
132.87500000011607
145.45000000010464
14.375000000099718
34.75000000009934
43.90000000010142
55.95000000010416
70.30000000010742
83.52500000011042
96.52500000011338
108.20000000011603
132.65000000011628
145.2750000001048
14.375000000099718
34.77500000009935
43.97500000010144
56.00000000010417
70.57500000010748
84.20000000011058
96.65000000011341
108.35000000011607
133.25000000011573
145.85000000010427
14.300000000099722
34.725000000099335
43.875000000101416
56.1250000001042
70.32500000010742
84.05000000011054
96.57500000011339
108.15000000011602
132.8500000001161
145.45000000010464
14.50000000009971
34.70000000009933
43.95000000010143
55.925000000104156
70.45000000010745
83.4500000001104
96.6250000001134
108.27500000011605
132.80000000011614
145.42500000010466
14.350000000099719
34.725000000099335
43.875000000101416
55.77500000010412
70.32500000010742
83.70000000011046
96.65000000011341
108.20000000011603
132.92500000011603
145.47500000010461
14.32500000009972
34.77500000009935
43.90000000010142
56.02500000010418
70.35000000010743
83.72500000011047
96.6000000001134
108.22500000011604
132.77500000011617
145.45000000010464
14.350000000099719
34.725000000099335
43.92500000010143
56.30000000010424
70.30000000010742
83.35000000011038
96.55000000011339
108.20000000011603
132.67500000011626
145.30000000010477
14.32500000009972
34.80000000009935
43.97500000010144
56.225000000104224
70.50000000010746
83.97500000011053
96.70000000011342
108.27500000011605
133.12500000011585
145.7000000001044
14.425000000099715
34.77500000009935
43.97500000010144
56.02500000010418
70.52500000010747
83.77500000011048
96.77500000011344
108.32500000011606
133.00000000011596
145.67500000010443
14.450000000099713
34.725000000099335
43.92500000010143
55.72500000010411
70.42500000010745
83.60000000011044
96.6250000001134
108.27500000011605
132.82500000011612
145.42500000010466
14.375000000099718
34.75000000009934
43.92500000010143
56.5750000001043
70.52500000010747
83.62500000011045
96.6250000001134
108.27500000011605
133.00000000011596
145.67500000010443
14.32500000009972
34.75000000009934
43.825000000101404
55.85000000010414
70.2500000001074
83.65000000011045
96.55000000011339
108.12500000011602
132.7250000001162
145.32500000010475
14.350000000099719
34.675000000099324
43.875000000101416
55.90000000010415
70.37500000010743
83.20000000011035
96.55000000011339
108.22500000011604
132.77500000011617
145.35000000010473
14.375000000099718
34.75000000009934
43.95000000010143
56.1250000001042
70.47500000010746
83.80000000011049
96.6000000001134
108.25000000011605
133.02500000011594
145.57500000010452
14.375000000099718
34.725000000099335
43.90000000010142
55.85000000010414
70.35000000010743
83.4250000001104
96.57500000011339
108.20000000011603
132.70000000011623
145.35000000010473
14.350000000099719
34.82500000009936
43.97500000010144
56.02500000010418
70.45000000010745
83.77500000011048
96.65000000011341
108.25000000011605
133.02500000011594
145.7000000001044
14.50000000009971
34.70000000009933
43.95000000010143
55.95000000010416
70.45000000010745
83.62500000011045
96.72500000011343
108.27500000011605
132.82500000011612
145.52500000010457
14.425000000099715
34.77500000009935
43.90000000010142
56.07500000010419
70.2500000001074
83.4000000001104
96.47500000011337
108.22500000011604
132.60000000011632
145.1500000001049
14.400000000099716
34.77500000009935
43.92500000010143
55.875000000104144
70.37500000010743
83.47500000011041
96.70000000011342
108.25000000011605
132.7500000001162
145.35000000010473
14.450000000099713
34.675000000099324
43.92500000010143
55.90000000010415
70.40000000010744
83.65000000011045
96.6250000001134
108.35000000011607
132.7500000001162
145.42500000010466
14.32500000009972
34.675000000099324
43.8000000001014
56.100000000104195
70.40000000010744
83.55000000011043
96.57500000011339
108.20000000011603
132.70000000011623
145.40000000010468
14.375000000099718
34.75000000009934
43.95000000010143
55.925000000104156
70.50000000010746
84.02500000011054
96.65000000011341
108.27500000011605
133.00000000011596
145.62500000010448
14.450000000099713
34.82500000009936
43.90000000010142
55.925000000104156
70.47500000010746
83.75000000011048
96.6250000001134
108.22500000011604
132.82500000011612
145.5000000001046
14.425000000099715
34.77500000009935
44.02500000010145
55.80000000010413
70.45000000010745
83.60000000011044
96.70000000011342
108.27500000011605
132.80000000011614
145.45000000010464
14.400000000099716
34.77500000009935
43.90000000010142
55.80000000010413
70.32500000010742
83.47500000011041
96.50000000011337
108.17500000011603
132.55000000011637
145.22500000010484
14.300000000099722
34.75000000009934
43.90000000010142
56.1250000001042
70.2500000001074
83.52500000011042
96.57500000011339
108.15000000011602
132.67500000011626
145.25000000010482
14.375000000099718
34.77500000009935
43.92500000010143
55.97500000010417
70.40000000010744
83.70000000011046
96.65000000011341
108.20000000011603
133.00000000011596
145.52500000010457
14.350000000099719
34.80000000009935
44.000000000101444
56.32500000010425
70.47500000010746
84.47500000011064
96.70000000011342
108.27500000011605
133.1750000001158
145.7000000001044
14.375000000099718
34.70000000009933
43.85000000010141
55.82500000010413
70.35000000010743
83.55000000011043
96.6000000001134
108.25000000011605
132.8500000001161
145.47500000010461
14.32500000009972
34.75000000009934
43.85000000010141
55.80000000010413
70.32500000010742
83.47500000011041
96.35000000011334
108.25000000011605
133.00000000011596
145.47500000010461
14.300000000099722
34.77500000009935
43.875000000101416
56.100000000104195
70.42500000010745
84.00000000011053
96.6250000001134
108.27500000011605
133.10000000011587
145.65000000010446
14.400000000099716
34.850000000099364
43.97500000010144
56.07500000010419
70.45000000010745
83.77500000011048
96.67500000011341
108.27500000011605
132.90000000011605
145.57500000010452
14.400000000099716
34.75000000009934
43.97500000010144
56.1250000001042
70.57500000010748
83.60000000011044
96.67500000011341
108.32500000011606
133.00000000011596
145.75000000010436
14.475000000099712
34.77500000009935
43.92500000010143
55.80000000010413
70.47500000010746
83.95000000011052
96.72500000011343
108.30000000011606
133.00000000011596
145.6000000001045
14.400000000099716
34.77500000009935
43.875000000101416
56.050000000104184
70.32500000010742
83.80000000011049
96.57500000011339
108.17500000011603
132.77500000011617
145.42500000010466
14.32500000009972
34.70000000009933
43.90000000010142
55.85000000010414
70.32500000010742
83.55000000011043
96.6250000001134
108.12500000011602
132.67500000011626
145.2750000001048
14.32500000009972
34.80000000009935
43.90000000010142
56.15000000010421
70.47500000010746
84.05000000011054
96.57500000011339
108.22500000011604
133.10000000011587
145.75000000010436
14.350000000099719
34.80000000009935
43.90000000010142
55.875000000104144
70.32500000010742
83.4250000001104
96.57500000011339
108.20000000011603
132.70000000011623
145.32500000010475
14.400000000099716
34.675000000099324
43.875000000101416
56.050000000104184
70.35000000010743
83.67500000011046
96.57500000011339
108.22500000011604
132.8500000001161
145.32500000010475
14.375000000099718
34.725000000099335
43.97500000010144
56.35000000010425
70.47500000010746
84.00000000011053
96.70000000011342
108.30000000011606
132.90000000011605
145.6000000001045
14.32500000009972
34.75000000009934
43.92500000010143
56.100000000104195
70.37500000010743
83.65000000011045
96.6000000001134
108.25000000011605
132.90000000011605
145.5000000001046
14.300000000099722
34.675000000099324
43.85000000010141
55.82500000010413
70.40000000010744
83.50000000011042
96.55000000011339
108.22500000011604
132.82500000011612
145.40000000010468
14.375000000099718
34.77500000009935
43.95000000010143
56.17500000010421
70.40000000010744
83.62500000011045
96.65000000011341
108.17500000011603
132.80000000011614
145.45000000010464
14.400000000099716
34.75000000009934
43.92500000010143
55.80000000010413
70.45000000010745
83.62500000011045
96.70000000011342
108.30000000011606
132.90000000011605
145.55000000010455
14.400000000099716
34.75000000009934
43.90000000010142
55.875000000104144
70.50000000010746
83.82500000011049
96.65000000011341
108.27500000011605
133.0750000001159
145.62500000010448
14.32500000009972
34.77500000009935
43.825000000101404
55.700000000104104
70.27500000010741
83.70000000011046
96.45000000011336
108.17500000011603
132.8500000001161
145.42500000010466
14.375000000099718
34.70000000009933
43.825000000101404
55.77500000010412
70.2500000001074
83.22500000011036
96.32500000011333
108.15000000011602
132.45000000011646
145.12500000010493
14.350000000099719
34.75000000009934
43.95000000010143
56.225000000104224
70.45000000010745
83.60000000011044
96.70000000011342
108.30000000011606
133.0750000001159
145.57500000010452
14.375000000099718
34.850000000099364
43.95000000010143
56.07500000010419
70.47500000010746
84.3000000001106
96.52500000011338
108.27500000011605
133.0750000001159
145.67500000010443
14.32500000009972
34.70000000009933
43.85000000010141
56.02500000010418
70.35000000010743
84.02500000011054
96.47500000011337
108.22500000011604
132.77500000011617
145.47500000010461
14.425000000099715
34.77500000009935
43.92500000010143
56.400000000104264
70.50000000010746
83.4250000001104
96.72500000011343
108.27500000011605
133.0750000001159
145.65000000010446
14.400000000099716
34.725000000099335
43.90000000010142
56.00000000010417
70.37500000010743
83.37500000011039
96.6000000001134
108.20000000011603
132.77500000011617
145.3750000001047
14.450000000099713
34.675000000099324
43.95000000010143
56.07500000010419
70.37500000010743
83.67500000011046
96.6000000001134
108.27500000011605
132.90000000011605
145.45000000010464
14.425000000099715
34.82500000009936
43.97500000010144
56.050000000104184
70.42500000010745
83.67500000011046
96.65000000011341
108.27500000011605
132.80000000011614
145.45000000010464
14.425000000099715
34.62500000009931
43.92500000010143
55.85000000010414
70.40000000010744
83.60000000011044
96.57500000011339
108.27500000011605
132.87500000011607
145.47500000010461
14.400000000099716
34.850000000099364
44.000000000101444
56.30000000010424
70.42500000010745
83.95000000011052
96.50000000011337
108.25000000011605
132.80000000011614
145.47500000010461
14.375000000099718
34.77500000009935
43.875000000101416
55.80000000010413
70.40000000010744
84.05000000011054
96.57500000011339
108.22500000011604
132.87500000011607
145.40000000010468
14.400000000099716
34.65000000009932
43.90000000010142
56.050000000104184
70.27500000010741
83.37500000011039
96.6000000001134
108.22500000011604
132.67500000011626
145.20000000010486
14.400000000099716
34.80000000009935
43.92500000010143
55.750000000104116
70.45000000010745
83.70000000011046
96.65000000011341
108.25000000011605
132.92500000011603
145.55000000010455
14.350000000099719
34.70000000009933
43.875000000101416
55.80000000010413
70.40000000010744
83.4250000001104
96.50000000011337
108.20000000011603
132.7500000001162
145.42500000010466
14.400000000099716
34.75000000009934
44.000000000101444
56.32500000010425
70.55000000010747
84.00000000011053
96.77500000011344
108.35000000011607
133.10000000011587
145.87500000010425
14.350000000099719
34.70000000009933
43.85000000010141
55.85000000010414
70.40000000010744
83.4000000001104
96.55000000011339
108.22500000011604
132.7500000001162
145.3750000001047
14.300000000099722
34.725000000099335
43.97500000010144
56.15000000010421
70.40000000010744
83.77500000011048
96.6250000001134
108.32500000011606
132.92500000011603
145.57500000010452
14.375000000099718
34.75000000009934
43.875000000101416
55.62500000010409
70.37500000010743
83.37500000011039
96.6000000001134
108.22500000011604
132.92500000011603
145.42500000010466
14.400000000099716
34.725000000099335
43.97500000010144
56.17500000010421
70.50000000010746
83.95000000011052
96.65000000011341
108.32500000011606
133.05000000011592
145.7000000001044
14.375000000099718
34.70000000009933
43.95000000010143
56.35000000010425
70.42500000010745
84.07500000011055
96.52500000011338
108.25000000011605
133.05000000011592
145.7000000001044
14.425000000099715
34.75000000009934
43.825000000101404
55.62500000010409
70.00000000010735
83.20000000011035
96.50000000011337
108.025000000116
132.25000000011664
144.85000000010518
14.350000000099719
34.77500000009935
43.92500000010143
55.95000000010416
70.52500000010747
83.72500000011047
96.67500000011341
108.30000000011606
133.02500000011594
145.7000000001044
14.400000000099716
34.725000000099335
43.875000000101416
55.97500000010417
70.2500000001074
83.4000000001104
96.55000000011339
108.12500000011602
132.6250000001163
145.20000000010486
14.375000000099718
34.80000000009935
43.90000000010142
55.97500000010417
70.52500000010747
83.70000000011046
96.6000000001134
108.30000000011606
133.00000000011596
145.62500000010448
14.400000000099716
34.75000000009934
43.92500000010143
55.80000000010413
70.32500000010742
83.82500000011049
96.6250000001134
108.27500000011605
132.90000000011605
145.40000000010468
14.250000000099725
34.675000000099324
43.875000000101416
55.750000000104116
70.27500000010741
83.47500000011041
96.52500000011338
108.20000000011603
132.70000000011623
145.35000000010473
14.300000000099722
34.82500000009936
43.92500000010143
56.1250000001042
70.42500000010745
83.70000000011046
96.6250000001134
108.22500000011604
133.12500000011585
145.62500000010448
14.425000000099715
34.75000000009934
43.95000000010143
56.02500000010418
70.37500000010743
83.60000000011044
96.72500000011343
108.30000000011606
132.7500000001162
145.42500000010466
14.32500000009972
34.77500000009935
43.92500000010143
56.37500000010426
70.47500000010746
83.80000000011049
96.67500000011341
108.22500000011604
133.10000000011587
145.75000000010436
14.400000000099716
34.77500000009935
43.95000000010143
55.925000000104156
70.50000000010746
83.50000000011042
96.67500000011341
108.30000000011606
132.8500000001161
145.5000000001046
14.425000000099715
34.75000000009934
43.90000000010142
55.85000000010414
70.40000000010744
83.65000000011045
96.67500000011341
108.25000000011605
132.950000000116
145.3750000001047
14.32500000009972
34.725000000099335
44.000000000101444
56.07500000010419
70.52500000010747
84.20000000011058
96.67500000011341
108.30000000011606
133.0750000001159
145.77500000010434
14.450000000099713
34.725000000099335
43.92500000010143
56.15000000010421
70.40000000010744
83.25000000011036
96.6000000001134
108.22500000011604
132.7250000001162
145.32500000010475
14.350000000099719
34.80000000009935
43.95000000010143
56.35000000010425
70.45000000010745
84.02500000011054
96.65000000011341
108.27500000011605
133.00000000011596
145.62500000010448
14.400000000099716
34.80000000009935
43.97500000010144
55.90000000010415
70.50000000010746
83.70000000011046
96.67500000011341
108.25000000011605
132.97500000011598
145.6000000001045
14.300000000099722
34.850000000099364
43.85000000010141
55.875000000104144
70.32500000010742
84.12500000011056
96.57500000011339
108.17500000011603
132.950000000116
145.5000000001046
14.375000000099718
34.77500000009935
43.875000000101416
55.90000000010415
70.37500000010743
83.4500000001104
96.6000000001134
108.20000000011603
132.92500000011603
145.47500000010461
14.375000000099718
34.75000000009934
43.90000000010142
56.25000000010423
70.40000000010744
83.47500000011041
96.6250000001134
108.22500000011604
132.90000000011605
145.45000000010464
14.375000000099718
34.70000000009933
43.875000000101416
55.875000000104144
70.42500000010745
84.02500000011054
96.52500000011338
108.22500000011604
132.82500000011612
145.5000000001046
14.350000000099719
34.725000000099335
43.875000000101416
56.00000000010417
70.37500000010743
83.70000000011046
96.6000000001134
108.22500000011604
132.87500000011607
145.47500000010461
14.375000000099718
34.77500000009935
43.90000000010142
55.85000000010414
70.45000000010745
83.50000000011042
96.6250000001134
108.25000000011605
132.90000000011605
145.47500000010461
14.375000000099718
34.850000000099364
43.875000000101416
55.82500000010413
70.40000000010744
83.67500000011046
96.6250000001134
108.22500000011604
132.87500000011607
145.42500000010466
14.425000000099715
34.70000000009933
43.92500000010143
56.00000000010417
70.50000000010746
83.60000000011044
96.75000000011343
108.30000000011606
133.00000000011596
145.67500000010443
14.300000000099722
34.65000000009932
43.875000000101416
55.700000000104104
70.30000000010742
83.32500000011038
96.45000000011336
108.12500000011602
132.65000000011628
145.22500000010484
14.400000000099716
34.725000000099335
43.92500000010143
56.050000000104184
70.32500000010742
83.60000000011044
96.65000000011341
108.22500000011604
132.8500000001161
145.45000000010464
14.350000000099719
34.77500000009935
43.95000000010143
56.60000000010431
70.47500000010746
84.42500000011063
96.65000000011341
108.25000000011605
133.02500000011594
145.67500000010443
14.350000000099719
34.75000000009934
43.90000000010142
56.37500000010426
70.47500000010746
83.67500000011046
96.6000000001134
108.27500000011605
132.950000000116
145.57500000010452
14.450000000099713
34.75000000009934
43.95000000010143
55.97500000010417
70.55000000010747
83.55000000011043
96.65000000011341
108.35000000011607
133.02500000011594
145.75000000010436
14.32500000009972
34.75000000009934
43.90000000010142
55.875000000104144
70.42500000010745
83.70000000011046
96.55000000011339
108.25000000011605
132.92500000011603
145.57500000010452
14.350000000099719
34.675000000099324
43.85000000010141
55.95000000010416
70.35000000010743
83.95000000011052
96.6250000001134
108.20000000011603
132.8500000001161
145.52500000010457
14.375000000099718
34.77500000009935
43.90000000010142
55.95000000010416
70.37500000010743
83.52500000011042
96.6000000001134
108.20000000011603
132.67500000011626
145.35000000010473
14.450000000099713
34.77500000009935
43.95000000010143
56.1250000001042
70.50000000010746
83.67500000011046
96.67500000011341
108.32500000011606
133.12500000011585
145.75000000010436
14.350000000099719
34.80000000009935
43.875000000101416
56.050000000104184
70.42500000010745
83.80000000011049
96.6250000001134
108.25000000011605
132.92500000011603
145.55000000010455
14.375000000099718
34.725000000099335
43.97500000010144
56.100000000104195
70.47500000010746
83.4500000001104
96.52500000011338
108.27500000011605
132.80000000011614
145.45000000010464
14.375000000099718
34.75000000009934
43.97500000010144
56.20000000010422
70.45000000010745
83.80000000011049
96.67500000011341
108.25000000011605
132.87500000011607
145.57500000010452
14.400000000099716
34.77500000009935
43.95000000010143
56.37500000010426
70.45000000010745
83.92500000011051
96.70000000011342
108.32500000011606
133.12500000011585
145.7000000001044
14.425000000099715
34.87500000009937
43.90000000010142
56.17500000010421
70.52500000010747
83.62500000011045
96.6250000001134
108.32500000011606
133.12500000011585
145.67500000010443
14.425000000099715
34.75000000009934
43.92500000010143
56.00000000010417
70.40000000010744
83.55000000011043
96.65000000011341
108.25000000011605
132.7250000001162
145.40000000010468
14.400000000099716
34.70000000009933
43.90000000010142
56.050000000104184
70.45000000010745
83.90000000011051
96.70000000011342
108.30000000011606
132.97500000011598
145.52500000010457
14.450000000099713
34.75000000009934
43.90000000010142
56.02500000010418
70.47500000010746
83.8750000001105
96.67500000011341
108.27500000011605
132.97500000011598
145.5000000001046
14.400000000099716
34.80000000009935
44.02500000010145
56.275000000104235
70.50000000010746
84.15000000011057
96.77500000011344
108.30000000011606
133.10000000011587
145.65000000010446
14.450000000099713
34.725000000099335
43.875000000101416
55.90000000010415
70.37500000010743
83.35000000011038
96.65000000011341
108.22500000011604
132.65000000011628
145.32500000010475
14.32500000009972
34.82500000009936
44.000000000101444
55.97500000010417
70.40000000010744
83.82500000011049
96.75000000011343
108.27500000011605
133.00000000011596
145.57500000010452
14.350000000099719
34.75000000009934
43.90000000010142
55.925000000104156
70.50000000010746
83.80000000011049
96.6250000001134
108.27500000011605
133.00000000011596
145.52500000010457
14.32500000009972
34.70000000009933
43.875000000101416
56.02500000010418
70.37500000010743
83.52500000011042
96.6000000001134
108.20000000011603
132.82500000011612
145.5000000001046
14.400000000099716
34.75000000009934
43.97500000010144
56.050000000104184
70.40000000010744
83.55000000011043
96.57500000011339
108.17500000011603
132.80000000011614
145.42500000010466
14.275000000099723
34.77500000009935
43.92500000010143
56.5750000001043
70.37500000010743
84.07500000011055
96.55000000011339
108.20000000011603
132.82500000011612
145.52500000010457
14.375000000099718
34.70000000009933
43.90000000010142
55.97500000010417
70.50000000010746
83.70000000011046
96.57500000011339
108.25000000011605
133.05000000011592
145.65000000010446
14.350000000099719
34.75000000009934
43.92500000010143
55.82500000010413
70.50000000010746
83.60000000011044
96.70000000011342
108.30000000011606
132.97500000011598
145.7250000001044
14.425000000099715
34.70000000009933
43.90000000010142
55.65000000010409
70.40000000010744
83.4500000001104
96.50000000011337
108.20000000011603
132.57500000011635
145.30000000010477
14.450000000099713
34.77500000009935
43.95000000010143
55.90000000010415
70.47500000010746
83.67500000011046
96.6250000001134
108.32500000011606
132.80000000011614
145.52500000010457
14.350000000099719
34.725000000099335
43.825000000101404
55.95000000010416
70.2250000001074
83.4500000001104
96.6250000001134
108.12500000011602
132.70000000011623
145.20000000010486
14.400000000099716
34.65000000009932
43.85000000010141
55.80000000010413
70.45000000010745
83.27500000011037
96.6000000001134
108.30000000011606
132.90000000011605
145.47500000010461
14.350000000099719
34.75000000009934
43.90000000010142
56.02500000010418
70.47500000010746
83.67500000011046
96.65000000011341
108.30000000011606
132.92500000011603
145.65000000010446
14.32500000009972
34.725000000099335
43.90000000010142
55.925000000104156
70.45000000010745
83.72500000011047
96.65000000011341
108.22500000011604
132.80000000011614
145.47500000010461
14.350000000099719
34.70000000009933
43.85000000010141
56.07500000010419
70.2000000001074
83.4250000001104
96.50000000011337
108.075000000116
132.55000000011637
145.12500000010493
14.32500000009972
34.70000000009933
43.8000000001014
55.750000000104116
70.32500000010742
83.52500000011042
96.6000000001134
108.17500000011603
132.82500000011612
145.40000000010468
14.350000000099719
34.70000000009933
43.85000000010141
55.750000000104116
70.35000000010743
83.4000000001104
96.45000000011336
108.20000000011603
132.77500000011617
145.40000000010468
14.425000000099715
34.70000000009933
43.875000000101416
56.02500000010418
70.45000000010745
83.50000000011042
96.6000000001134
108.27500000011605
132.90000000011605
145.55000000010455
14.425000000099715
34.75000000009934
43.95000000010143
55.77500000010412
70.50000000010746
83.55000000011043
96.70000000011342
108.32500000011606
133.12500000011585
145.67500000010443
14.475000000099712
34.725000000099335
43.90000000010142
55.82500000010413
70.30000000010742
83.57500000011044
96.6000000001134
108.17500000011603
132.90000000011605
145.20000000010486
14.400000000099716
34.80000000009935
43.90000000010142
55.6750000001041
70.40000000010744
83.57500000011044
96.6000000001134
108.25000000011605
132.80000000011614
145.3750000001047
14.425000000099715
34.70000000009933
43.90000000010142
56.25000000010423
70.40000000010744
83.60000000011044
96.55000000011339
108.20000000011603
132.950000000116
145.5000000001046
14.400000000099716
34.75000000009934
43.85000000010141
55.77500000010412
70.35000000010743
83.27500000011037
96.67500000011341
108.25000000011605
132.70000000011623
145.32500000010475
14.400000000099716
34.75000000009934
43.90000000010142
55.95000000010416
70.2500000001074
83.50000000011042
96.6000000001134
108.20000000011603
132.70000000011623
145.30000000010477
14.350000000099719
34.65000000009932
43.95000000010143
56.25000000010423
70.50000000010746
83.72500000011047
96.67500000011341
108.32500000011606
133.00000000011596
145.7000000001044
14.400000000099716
34.725000000099335
43.90000000010142
55.95000000010416
70.42500000010745
83.77500000011048
96.52500000011338
108.22500000011604
132.90000000011605
145.55000000010455
14.350000000099719
34.77500000009935
43.97500000010144
56.02500000010418
70.40000000010744
83.60000000011044
96.57500000011339
108.22500000011604
132.77500000011617
145.47500000010461
14.450000000099713
34.75000000009934
43.92500000010143
56.15000000010421
70.40000000010744
83.27500000011037
96.6250000001134
108.27500000011605
132.65000000011628
145.30000000010477
14.425000000099715
34.75000000009934
43.95000000010143
55.750000000104116
70.50000000010746
84.00000000011053
96.6250000001134
108.32500000011606
133.05000000011592
145.65000000010446
14.375000000099718
34.77500000009935
43.90000000010142
56.00000000010417
70.40000000010744
83.62500000011045
96.65000000011341
108.25000000011605
132.92500000011603
145.5000000001046
14.450000000099713
34.70000000009933
43.97500000010144
56.00000000010417
70.52500000010747
83.65000000011045
96.72500000011343
108.30000000011606
133.00000000011596
145.52500000010457
14.32500000009972
34.725000000099335
43.85000000010141
55.90000000010415
70.37500000010743
83.30000000011037
96.55000000011339
108.12500000011602
132.67500000011626
145.32500000010475
14.50000000009971
34.725000000099335
43.95000000010143
55.875000000104144
70.42500000010745
83.4000000001104
96.67500000011341
108.30000000011606
132.8500000001161
145.40000000010468
14.425000000099715
34.725000000099335
43.875000000101416
56.00000000010417
70.47500000010746
83.47500000011041
96.57500000011339
108.27500000011605
132.8500000001161
145.5000000001046
14.450000000099713
34.80000000009935
43.90000000010142
55.90000000010415
70.45000000010745
83.4000000001104
96.57500000011339
108.30000000011606
132.87500000011607
145.40000000010468
14.450000000099713
34.70000000009933
43.97500000010144
56.225000000104224
70.2250000001074
83.4250000001104
96.6250000001134
108.15000000011602
132.70000000011623
145.1750000001049
14.350000000099719
34.70000000009933
43.825000000101404
56.02500000010418
70.35000000010743
83.50000000011042
96.50000000011337
108.17500000011603
132.70000000011623
145.2750000001048
14.375000000099718
34.82500000009936
43.97500000010144
56.5500000001043
70.52500000010747
84.17500000011057
96.75000000011343
108.32500000011606
133.12500000011585
145.8250000001043
14.400000000099716
34.725000000099335
43.825000000101404
55.37500000010403
70.2000000001074
83.4250000001104
96.30000000011333
108.17500000011603
132.6250000001163
145.1500000001049
14.375000000099718
34.77500000009935
44.000000000101444
55.875000000104144
70.42500000010745
83.65000000011045
96.75000000011343
108.27500000011605
132.90000000011605
145.52500000010457
14.350000000099719
34.725000000099335
43.825000000101404
55.85000000010414
70.35000000010743
83.8500000001105
96.57500000011339
108.20000000011603
132.90000000011605
145.47500000010461
14.350000000099719
34.675000000099324
43.85000000010141
55.925000000104156
70.40000000010744
83.67500000011046
96.6000000001134
108.20000000011603
132.70000000011623
145.3750000001047
14.425000000099715
34.77500000009935
43.92500000010143
56.100000000104195
70.42500000010745
83.52500000011042
96.65000000011341
108.27500000011605
132.82500000011612
145.5000000001046
14.450000000099713
34.70000000009933
43.97500000010144
55.97500000010417
70.40000000010744
83.65000000011045
96.6000000001134
108.25000000011605
132.7500000001162
145.3750000001047
14.400000000099716
34.77500000009935
43.92500000010143
55.90000000010415
70.40000000010744
83.92500000011051
96.6250000001134
108.22500000011604
132.7500000001162
145.3750000001047
14.375000000099718
34.675000000099324
43.825000000101404
55.95000000010416
70.35000000010743
83.30000000011037
96.50000000011337
108.17500000011603
132.70000000011623
145.25000000010482
14.425000000099715
34.80000000009935
44.050000000101456
55.97500000010417
70.57500000010748
83.8500000001105
96.67500000011341
108.37500000011607
132.92500000011603
145.62500000010448
14.425000000099715
34.725000000099335
43.875000000101416
55.95000000010416
70.37500000010743
83.47500000011041
96.6000000001134
108.25000000011605
132.70000000011623
145.40000000010468
14.32500000009972
34.725000000099335
43.825000000101404
55.575000000104076
70.2250000001074
83.62500000011045
96.47500000011337
108.17500000011603
132.80000000011614
145.22500000010484
14.400000000099716
34.77500000009935
43.95000000010143
55.925000000104156
70.47500000010746
83.62500000011045
96.57500000011339
108.27500000011605
132.80000000011614
145.5000000001046
14.225000000099726
34.75000000009934
43.92500000010143
56.15000000010421
70.42500000010745
83.90000000011051
96.57500000011339
108.25000000011605
133.00000000011596
145.62500000010448
14.350000000099719
34.75000000009934
43.92500000010143
56.25000000010423
70.47500000010746
83.62500000011045
96.57500000011339
108.25000000011605
132.92500000011603
145.55000000010455
14.450000000099713
34.75000000009934
43.85000000010141
56.07500000010419
70.47500000010746
83.65000000011045
96.65000000011341
108.27500000011605
132.950000000116
145.55000000010455
14.375000000099718
34.77500000009935
43.92500000010143
55.875000000104144
70.40000000010744
83.4000000001104
96.57500000011339
108.22500000011604
132.67500000011626
145.35000000010473
14.450000000099713
34.70000000009933
43.92500000010143
56.15000000010421
70.45000000010745
83.67500000011046
96.67500000011341
108.32500000011606
132.87500000011607
145.47500000010461
14.425000000099715
34.77500000009935
43.95000000010143
56.47500000010428
70.45000000010745
84.00000000011053
96.75000000011343
108.27500000011605
132.97500000011598
145.57500000010452
14.375000000099718
34.75000000009934
43.90000000010142
56.100000000104195
70.40000000010744
83.55000000011043
96.55000000011339
108.22500000011604
132.65000000011628
145.35000000010473
14.450000000099713
34.77500000009935
43.90000000010142
55.85000000010414
70.35000000010743
83.65000000011045
96.57500000011339
108.22500000011604
132.70000000011623
145.30000000010477
14.350000000099719
34.725000000099335
43.90000000010142
55.72500000010411
70.2250000001074
83.57500000011044
96.6000000001134
108.20000000011603
132.7500000001162
145.25000000010482
14.425000000099715
34.70000000009933
43.875000000101416
55.700000000104104
70.32500000010742
83.30000000011037
96.6250000001134
108.30000000011606
132.8500000001161
145.32500000010475
14.475000000099712
34.75000000009934
43.90000000010142
55.82500000010413
70.42500000010745
83.75000000011048
96.57500000011339
108.25000000011605
132.8500000001161
145.40000000010468
14.375000000099718
34.77500000009935
43.90000000010142
55.82500000010413
70.40000000010744
83.57500000011044
96.6000000001134
108.22500000011604
132.87500000011607
145.52500000010457
14.350000000099719
34.80000000009935
43.95000000010143
55.82500000010413
70.42500000010745
83.82500000011049
96.72500000011343
108.25000000011605
133.05000000011592
145.52500000010457
14.350000000099719
34.82500000009936
43.97500000010144
55.80000000010413
70.2500000001074
83.4250000001104
96.50000000011337
108.17500000011603
132.67500000011626
145.22500000010484
14.475000000099712
34.675000000099324
43.92500000010143
56.20000000010422
70.35000000010743
83.52500000011042
96.6250000001134
108.30000000011606
132.7500000001162
145.40000000010468
14.425000000099715
34.80000000009935
44.000000000101444
56.00000000010417
70.42500000010745
83.65000000011045
96.52500000011338
108.27500000011605
132.82500000011612
145.40000000010468
14.450000000099713
34.77500000009935
43.92500000010143
55.72500000010411
70.40000000010744
83.80000000011049
96.67500000011341
108.27500000011605
132.8500000001161
145.45000000010464
14.375000000099718
34.82500000009936
44.050000000101456
56.1250000001042
70.52500000010747
84.17500000011057
96.75000000011343
108.25000000011605
133.02500000011594
145.7250000001044
14.350000000099719
34.70000000009933
43.92500000010143
56.07500000010419
70.35000000010743
83.57500000011044
96.55000000011339
108.25000000011605
132.6250000001163
145.40000000010468
14.350000000099719
34.70000000009933
43.90000000010142
56.100000000104195
70.42500000010745
83.52500000011042
96.57500000011339
108.25000000011605
132.8500000001161
145.5000000001046
14.375000000099718
34.75000000009934
43.95000000010143
56.70000000010433
70.42500000010745
83.82500000011049
96.67500000011341
108.25000000011605
132.92500000011603
145.65000000010446
14.400000000099716
34.77500000009935
43.95000000010143
56.02500000010418
70.30000000010742
83.52500000011042
96.65000000011341
108.20000000011603
132.60000000011632
145.25000000010482
14.350000000099719
34.725000000099335
43.90000000010142
55.6750000001041
70.40000000010744
83.90000000011051
96.42500000011336
108.25000000011605
132.90000000011605
145.45000000010464
14.32500000009972
34.725000000099335
43.92500000010143
56.35000000010425
70.45000000010745
83.90000000011051
96.67500000011341
108.27500000011605
132.97500000011598
145.67500000010443
14.400000000099716
34.77500000009935
43.97500000010144
56.050000000104184
70.45000000010745
84.00000000011053
96.65000000011341
108.35000000011607
132.950000000116
145.57500000010452
14.275000000099723
34.77500000009935
43.97500000010144
55.90000000010415
70.27500000010741
83.52500000011042
96.47500000011337
108.22500000011604
132.67500000011626
145.30000000010477
14.400000000099716
34.75000000009934
43.90000000010142
55.65000000010409
70.40000000010744
84.00000000011053
96.55000000011339
108.25000000011605
133.02500000011594
145.52500000010457
14.425000000099715
34.850000000099364
43.97500000010144
56.82500000010436
70.52500000010747
83.8750000001105
96.70000000011342
108.32500000011606
133.00000000011596
145.67500000010443
14.400000000099716
34.850000000099364
43.97500000010144
55.97500000010417
70.47500000010746
83.8500000001105
96.72500000011343
108.35000000011607
132.87500000011607
145.57500000010452
14.32500000009972
34.70000000009933
43.90000000010142
55.80000000010413
70.32500000010742
83.37500000011039
96.40000000011335
108.17500000011603
132.6250000001163
145.32500000010475
14.350000000099719
34.82500000009936
43.875000000101416
55.97500000010417
70.32500000010742
84.02500000011054
96.6250000001134
108.12500000011602
132.70000000011623
145.3750000001047
14.350000000099719
34.675000000099324
43.875000000101416
55.875000000104144
70.30000000010742
83.4500000001104
96.57500000011339
108.20000000011603
132.65000000011628
145.32500000010475
14.425000000099715
34.82500000009936
43.97500000010144
56.02500000010418
70.47500000010746
83.70000000011046
96.67500000011341
108.27500000011605
132.92500000011603
145.47500000010461
14.425000000099715
34.725000000099335
43.85000000010141
55.80000000010413
70.2000000001074
83.4250000001104
96.47500000011337
108.15000000011602
132.67500000011626
145.20000000010486
14.400000000099716
34.75000000009934
43.92500000010143
55.85000000010414
70.47500000010746
83.80000000011049
96.65000000011341
108.27500000011605
133.0750000001159
145.65000000010446
14.450000000099713
34.725000000099335
43.90000000010142
56.100000000104195
70.30000000010742
83.55000000011043
96.57500000011339
108.22500000011604
132.82500000011612
145.35000000010473
14.425000000099715
34.70000000009933
43.92500000010143
56.00000000010417
70.40000000010744
83.65000000011045
96.70000000011342
108.22500000011604
132.82500000011612
145.42500000010466
14.275000000099723
34.70000000009933
43.875000000101416
55.925000000104156
70.40000000010744
84.07500000011055
96.52500000011338
108.17500000011603
132.90000000011605
145.5000000001046
14.350000000099719
34.70000000009933
43.875000000101416
56.050000000104184
70.42500000010745
83.55000000011043
96.55000000011339
108.20000000011603
132.87500000011607
145.45000000010464
14.425000000099715
34.725000000099335
43.875000000101416
55.65000000010409
70.32500000010742
83.4500000001104
96.42500000011336
108.25000000011605
132.7500000001162
145.32500000010475
14.350000000099719
34.75000000009934
43.90000000010142
56.07500000010419
70.40000000010744
83.75000000011048
96.6000000001134
108.22500000011604
132.97500000011598
145.47500000010461
14.425000000099715
34.77500000009935
43.92500000010143
56.400000000104264
70.50000000010746
83.65000000011045
96.75000000011343
108.32500000011606
132.97500000011598
145.62500000010448
14.400000000099716
34.77500000009935
44.000000000101444
56.1250000001042
70.47500000010746
83.55000000011043
96.70000000011342
108.32500000011606
132.92500000011603
145.67500000010443
14.400000000099716
34.70000000009933
43.90000000010142
56.00000000010417
70.32500000010742
83.37500000011039
96.6000000001134
108.20000000011603
132.65000000011628
145.32500000010475
14.375000000099718
34.75000000009934
43.92500000010143
55.95000000010416
70.37500000010743
83.70000000011046
96.6000000001134
108.22500000011604
132.82500000011612
145.45000000010464
14.350000000099719
34.75000000009934
43.90000000010142
55.97500000010417
70.40000000010744
83.62500000011045
96.52500000011338
108.17500000011603
132.7500000001162
145.3750000001047
14.450000000099713
34.77500000009935
43.97500000010144
56.400000000104264
70.55000000010747
83.75000000011048
96.72500000011343
108.35000000011607
133.0750000001159
145.7250000001044
14.450000000099713
34.80000000009935
43.92500000010143
55.925000000104156
70.40000000010744
83.65000000011045
96.57500000011339
108.22500000011604
132.7250000001162
145.40000000010468
14.425000000099715
34.675000000099324
43.95000000010143
55.82500000010413
70.42500000010745
83.70000000011046
96.70000000011342
108.30000000011606
132.950000000116
145.6000000001045
14.375000000099718
34.725000000099335
43.92500000010143
56.87500000010437
70.42500000010745
83.4500000001104
96.6000000001134
108.22500000011604
132.80000000011614
145.55000000010455
14.400000000099716
34.70000000009933
43.92500000010143
56.00000000010417
70.42500000010745
83.70000000011046
96.47500000011337
108.27500000011605
132.90000000011605
145.57500000010452
14.425000000099715
34.77500000009935
43.90000000010142
55.85000000010414
70.40000000010744
83.57500000011044
96.70000000011342
108.22500000011604
132.90000000011605
145.42500000010466
14.425000000099715
34.75000000009934
43.95000000010143
56.500000000104286
70.47500000010746
83.37500000011039
96.55000000011339
108.27500000011605
132.97500000011598
145.55000000010455
14.375000000099718
34.75000000009934
43.92500000010143
56.500000000104286
70.40000000010744
84.15000000011057
96.6250000001134
108.25000000011605
132.82500000011612
145.47500000010461
14.32500000009972
34.75000000009934
43.875000000101416
56.1250000001042
70.40000000010744
83.4250000001104
96.57500000011339
108.25000000011605
132.70000000011623
145.42500000010466
14.350000000099719
34.725000000099335
43.875000000101416
55.700000000104104
70.35000000010743
83.52500000011042
96.52500000011338
108.27500000011605
132.82500000011612
145.42500000010466
14.350000000099719
34.675000000099324
43.92500000010143
56.275000000104235
70.32500000010742
83.60000000011044
96.52500000011338
108.22500000011604
132.7250000001162
145.35000000010473
14.350000000099719
34.77500000009935
43.90000000010142
55.575000000104076
70.2500000001074
83.50000000011042
96.57500000011339
108.17500000011603
132.7500000001162
145.25000000010482
14.400000000099716
34.75000000009934
43.90000000010142
56.225000000104224
70.42500000010745
83.4000000001104
96.57500000011339
108.20000000011603
132.7250000001162
145.3750000001047
14.32500000009972
34.77500000009935
43.95000000010143
55.90000000010415
70.35000000010743
83.62500000011045
96.52500000011338
108.22500000011604
132.950000000116
145.45000000010464
14.300000000099722
34.675000000099324
43.97500000010144
56.1250000001042
70.50000000010746
83.57500000011044
96.65000000011341
108.30000000011606
132.92500000011603
145.7000000001044
14.475000000099712
34.77500000009935
43.97500000010144
56.275000000104235
70.45000000010745
83.67500000011046
96.6250000001134
108.35000000011607
132.82500000011612
145.52500000010457
14.400000000099716
34.75000000009934
43.97500000010144
55.80000000010413
70.42500000010745
83.77500000011048
96.67500000011341
108.30000000011606
132.8500000001161
145.45000000010464
14.375000000099718
34.65000000009932
43.92500000010143
56.00000000010417
70.35000000010743
83.60000000011044
96.65000000011341
108.20000000011603
132.950000000116
145.42500000010466
14.375000000099718
34.70000000009933
43.875000000101416
56.00000000010417
70.35000000010743
83.35000000011038
96.6250000001134
108.25000000011605
132.7250000001162
145.3750000001047
14.300000000099722
34.75000000009934
43.875000000101416
56.42500000010427
70.50000000010746
83.92500000011051
96.6000000001134
108.27500000011605
133.1750000001158
145.8250000001043
14.425000000099715
34.77500000009935
43.97500000010144
55.95000000010416
70.50000000010746
83.67500000011046
96.70000000011342
108.30000000011606
133.02500000011594
145.65000000010446
14.425000000099715
34.75000000009934
43.97500000010144
56.02500000010418
70.45000000010745
83.90000000011051
96.6250000001134
108.30000000011606
132.80000000011614
145.52500000010457
14.375000000099718
34.80000000009935
43.92500000010143
56.35000000010425
70.47500000010746
84.12500000011056
96.6250000001134
108.22500000011604
132.90000000011605
145.62500000010448
14.350000000099719
34.75000000009934
43.92500000010143
56.100000000104195
70.50000000010746
83.65000000011045
96.55000000011339
108.25000000011605
132.92500000011603
145.55000000010455
14.425000000099715
34.82500000009936
44.000000000101444
56.00000000010417
70.45000000010745
83.90000000011051
96.70000000011342
108.30000000011606
132.87500000011607
145.57500000010452
14.400000000099716
34.675000000099324
43.85000000010141
56.100000000104195
70.37500000010743
84.2750000001106
96.45000000011336
108.22500000011604
132.80000000011614
145.5000000001046
14.32500000009972
34.75000000009934
43.85000000010141
55.80000000010413
70.37500000010743
83.70000000011046
96.67500000011341
108.25000000011605
133.00000000011596
145.52500000010457
14.32500000009972
34.65000000009932
43.875000000101416
55.72500000010411
70.30000000010742
83.47500000011041
96.57500000011339
108.20000000011603
132.87500000011607
145.42500000010466
14.400000000099716
34.725000000099335
43.95000000010143
56.25000000010423
70.42500000010745
83.52500000011042
96.75000000011343
108.30000000011606
132.8500000001161
145.5000000001046
14.425000000099715
34.725000000099335
43.85000000010141
56.00000000010417
70.52500000010747
83.65000000011045
96.67500000011341
108.30000000011606
132.92500000011603
145.65000000010446
14.400000000099716
34.77500000009935
43.85000000010141
55.77500000010412
70.35000000010743
84.02500000011054
96.6000000001134
108.27500000011605
133.02500000011594
145.55000000010455
14.300000000099722
34.725000000099335
43.92500000010143
56.400000000104264
70.40000000010744
83.8750000001105
96.65000000011341
108.20000000011603
132.87500000011607
145.57500000010452
14.400000000099716
34.82500000009936
43.95000000010143
56.15000000010421
70.40000000010744
84.10000000011055
96.70000000011342
108.22500000011604
132.82500000011612
145.42500000010466
14.350000000099719
34.77500000009935
43.97500000010144
56.37500000010426
70.47500000010746
83.8750000001105
96.65000000011341
108.27500000011605
133.05000000011592
145.65000000010446
14.32500000009972
34.70000000009933
43.92500000010143
55.925000000104156
70.37500000010743
83.60000000011044
96.6250000001134
108.25000000011605
132.8500000001161
145.45000000010464
14.425000000099715
34.675000000099324
43.85000000010141
55.80000000010413
70.37500000010743
83.65000000011045
96.6250000001134
108.22500000011604
132.82500000011612
145.5000000001046
14.375000000099718
34.675000000099324
43.825000000101404
55.875000000104144
70.35000000010743
83.67500000011046
96.55000000011339
108.20000000011603
132.90000000011605
145.42500000010466
14.375000000099718
34.80000000009935
43.92500000010143
56.1250000001042
70.50000000010746
83.60000000011044
96.67500000011341
108.22500000011604
132.82500000011612
145.47500000010461
14.450000000099713
34.75000000009934
43.95000000010143
56.050000000104184
70.47500000010746
83.47500000011041
96.57500000011339
108.27500000011605
132.8500000001161
145.52500000010457
14.300000000099722
34.75000000009934
43.875000000101416
55.82500000010413
70.32500000010742
83.4500000001104
96.32500000011333
108.17500000011603
132.7500000001162
145.3750000001047
14.350000000099719
34.75000000009934
43.90000000010142
55.80000000010413
70.35000000010743
83.35000000011038
96.55000000011339
108.22500000011604
132.87500000011607
145.45000000010464
14.350000000099719
34.77500000009935
43.90000000010142
55.85000000010414
70.42500000010745
83.55000000011043
96.65000000011341
108.27500000011605
132.92500000011603
145.47500000010461
14.350000000099719
34.80000000009935
43.92500000010143
56.32500000010425
70.47500000010746
83.52500000011042
96.6250000001134
108.27500000011605
132.8500000001161
145.55000000010455
14.375000000099718
34.70000000009933
43.85000000010141
55.875000000104144
70.35000000010743
83.35000000011038
96.57500000011339
108.20000000011603
132.70000000011623
145.32500000010475
14.375000000099718
34.75000000009934
43.90000000010142
55.85000000010414
70.37500000010743
83.65000000011045
96.65000000011341
108.27500000011605
132.70000000011623
145.40000000010468
14.400000000099716
34.70000000009933
44.02500000010145
56.35000000010425
70.47500000010746
83.57500000011044
96.72500000011343
108.25000000011605
132.87500000011607
145.6000000001045
14.475000000099712
34.70000000009933
43.90000000010142
55.6750000001041
70.32500000010742
83.4500000001104
96.6000000001134
108.20000000011603
132.87500000011607
145.2750000001048
14.32500000009972
34.725000000099335
43.90000000010142
55.97500000010417
70.42500000010745
83.47500000011041
96.57500000011339
108.25000000011605
133.00000000011596
145.57500000010452
14.375000000099718
34.675000000099324
43.92500000010143
56.20000000010422
70.35000000010743
83.47500000011041
96.67500000011341
108.22500000011604
132.70000000011623
145.32500000010475
14.400000000099716
34.62500000009931
43.92500000010143
56.275000000104235
70.40000000010744
83.52500000011042
96.52500000011338
108.20000000011603
132.6250000001163
145.32500000010475
14.300000000099722
34.70000000009933
43.875000000101416
55.42500000010404
70.2250000001074
83.22500000011036
96.37500000011335
108.12500000011602
132.67500000011626
145.22500000010484
14.450000000099713
34.675000000099324
43.85000000010141
55.575000000104076
70.37500000010743
83.60000000011044
96.55000000011339
108.20000000011603
132.7250000001162
145.32500000010475
14.32500000009972
34.70000000009933
43.95000000010143
55.80000000010413
70.35000000010743
83.80000000011049
96.45000000011336
108.30000000011606
133.00000000011596
145.6000000001045
14.450000000099713
34.75000000009934
44.000000000101444
55.97500000010417
70.37500000010743
83.57500000011044
96.70000000011342
108.22500000011604
132.77500000011617
145.40000000010468
14.400000000099716
34.675000000099324
43.875000000101416
55.875000000104144
70.30000000010742
83.4000000001104
96.57500000011339
108.17500000011603
132.67500000011626
145.30000000010477
14.300000000099722
34.75000000009934
43.875000000101416
55.82500000010413
70.40000000010744
83.4500000001104
96.52500000011338
108.25000000011605
132.90000000011605
145.55000000010455
14.400000000099716
34.77500000009935
43.90000000010142
56.02500000010418
70.35000000010743
83.77500000011048
96.6000000001134
108.22500000011604
132.7250000001162
145.30000000010477
14.375000000099718
34.65000000009932
43.825000000101404
55.6750000001041
70.12500000010738
83.25000000011036
96.37500000011335
108.10000000011601
132.45000000011646
145.10000000010496
14.400000000099716
34.725000000099335
43.97500000010144
55.925000000104156
70.37500000010743
83.95000000011052
96.75000000011343
108.27500000011605
132.90000000011605
145.5000000001046
14.375000000099718
34.75000000009934
43.92500000010143
55.875000000104144
70.40000000010744
83.57500000011044
96.6250000001134
108.25000000011605
132.7250000001162
145.40000000010468
14.400000000099716
34.77500000009935
43.90000000010142
55.97500000010417
70.42500000010745
83.8750000001105
96.57500000011339
108.22500000011604
132.8500000001161
145.52500000010457
14.350000000099719
34.80000000009935
43.92500000010143
55.875000000104144
70.37500000010743
83.52500000011042
96.65000000011341
108.22500000011604
132.80000000011614
145.40000000010468
14.350000000099719
34.75000000009934
43.875000000101416
55.525000000104065
70.2000000001074
83.37500000011039
96.57500000011339
108.10000000011601
132.47500000011644
145.10000000010496
14.375000000099718
34.75000000009934
43.95000000010143
55.90000000010415
70.40000000010744
83.4250000001104
96.6250000001134
108.20000000011603
133.00000000011596
145.55000000010455
14.400000000099716
34.75000000009934
43.92500000010143
55.750000000104116
70.35000000010743
83.67500000011046
96.52500000011338
108.20000000011603
132.8500000001161
145.3750000001047
14.32500000009972
34.725000000099335
43.825000000101404
55.97500000010417
70.32500000010742
83.47500000011041
96.52500000011338
108.20000000011603
132.87500000011607
145.32500000010475
14.450000000099713
34.77500000009935
43.95000000010143
55.80000000010413
70.47500000010746
83.72500000011047
96.70000000011342
108.32500000011606
133.02500000011594
145.65000000010446
14.425000000099715
34.70000000009933
43.95000000010143
56.02500000010418
70.40000000010744
83.4500000001104
96.65000000011341
108.22500000011604
132.92500000011603
145.47500000010461
14.425000000099715
34.80000000009935
43.90000000010142
55.90000000010415
70.40000000010744
83.57500000011044
96.67500000011341
108.25000000011605
132.82500000011612
145.45000000010464
14.425000000099715
34.75000000009934
43.875000000101416
55.82500000010413
70.27500000010741
83.4500000001104
96.50000000011337
108.22500000011604
132.7250000001162
145.30000000010477
14.375000000099718
34.675000000099324
43.875000000101416
55.750000000104116
70.30000000010742
83.75000000011048
96.6250000001134
108.22500000011604
132.70000000011623
145.2750000001048
14.350000000099719
34.70000000009933
43.8000000001014
55.65000000010409
70.2250000001074
83.20000000011035
96.25000000011332
108.15000000011602
132.50000000011642
145.22500000010484
14.32500000009972
34.70000000009933
43.90000000010142
55.925000000104156
70.30000000010742
83.4250000001104
96.6000000001134
108.22500000011604
132.7500000001162
145.3750000001047
14.375000000099718
34.75000000009934
43.8000000001014
55.65000000010409
70.30000000010742
83.4000000001104
96.35000000011334
108.12500000011602
132.7500000001162
145.3750000001047
14.32500000009972
34.82500000009936
43.92500000010143
55.82500000010413
70.35000000010743
83.92500000011051
96.6250000001134
108.20000000011603
132.82500000011612
145.40000000010468
