18.55000000009948
21.20000000009933
35.475000000099506
38.950000000100296
47.97500000010235
60.20000000010513
62.77500000010571
74.32500000010833
77.57500000010907
87.30000000011128
99.37500000011403
102.47500000011473
112.35000000011698
115.75000000011775
123.52500000011952
134.47500000011462
137.22500000011212
149.1250000001013
18.450000000099486
21.100000000099335
35.40000000009949
38.80000000010026
47.875000000102325
60.05000000010509
62.60000000010567
74.2000000001083
77.40000000010903
87.15000000011125
90.97500000011212
99.35000000011402
102.42500000011472
112.25000000011696
115.67500000011773
123.40000000011949
134.35000000011473
137.1250000001122
149.0250000001014
18.52500000009948
21.17500000009933
35.4500000000995
38.85000000010027
47.90000000010233
60.100000000105105
62.62500000010568
74.25000000010832
77.47500000010905
87.20000000011126
90.9000000001121
99.32500000011402
102.40000000011472
112.27500000011696
115.70000000011774
123.50000000011951
134.42500000011466
137.20000000011214
149.07500000010134
18.55000000009948
21.225000000099328
35.50000000009951
38.900000000100285
47.95000000010234
60.150000000105116
62.67500000010569
74.30000000010833
77.50000000010905
87.25000000011127
91.15000000011216
99.42500000011404
102.47500000011473
112.32500000011697
115.72500000011775
123.4250000001195
134.5000000001146
137.20000000011214
149.1250000001013
18.52500000009948
21.225000000099328
35.55000000009952
38.900000000100285
47.95000000010234
60.17500000010512
62.75000000010571
74.30000000010833
77.60000000010908
87.27500000011128
99.45000000011404
102.60000000011476
112.30000000011697
115.82500000011777
123.50000000011951
134.5000000001146
137.2500000001121
149.15000000010127
18.55000000009948
21.225000000099328
35.50000000009951
38.85000000010027
47.95000000010234
60.20000000010513
62.700000000105696
74.30000000010833
77.55000000010907
87.27500000011128
91.55000000011225
99.40000000011403
102.47500000011473
112.32500000011697
115.80000000011776
123.47500000011951
134.5000000001146
137.22500000011212
149.1250000001013
18.500000000099483
21.150000000099332
35.475000000099506
38.85000000010027
47.92500000010234
60.150000000105116
62.67500000010569
74.25000000010832
77.42500000010904
87.22500000011127
90.85000000011209
99.35000000011402
102.37500000011471
112.30000000011697
115.65000000011773
123.37500000011948
134.45000000011464
137.17500000011216
149.10000000010132
18.52500000009948
21.17500000009933
35.50000000009951
38.87500000010028
47.92500000010234
60.12500000010511
62.67500000010569
74.25000000010832
77.52500000010906
87.22500000011127
99.35000000011402
102.45000000011473
112.30000000011697
115.77500000011776
123.47500000011951
134.45000000011464
137.22500000011212
149.10000000010132
18.55000000009948
21.20000000009933
35.50000000009951
38.87500000010028
47.97500000010235
60.20000000010513
62.77500000010571
74.32500000010833
77.55000000010907
87.32500000011129
99.47500000011405
102.60000000011476
112.32500000011697
115.75000000011775
123.52500000011952
134.57500000011453
137.27500000011207
149.17500000010125
18.55000000009948
21.225000000099328
35.57500000009953
38.92500000010029
47.97500000010235
60.17500000010512
62.77500000010571
74.32500000010833
77.6750000001091
87.30000000011128
99.47500000011405
102.7500000001148
112.35000000011698
115.9750000001178
123.57500000011953
134.6000000001145
137.350000000112
149.17500000010125
18.57500000009948
21.250000000099327
35.52500000009952
38.900000000100285
47.95000000010234
60.17500000010512
62.77500000010571
74.30000000010833
77.65000000010909
87.27500000011128
99.42500000011404
102.65000000011477
112.32500000011697
115.9750000001178
123.57500000011953
134.5000000001146
137.2500000001121
149.1250000001013
18.55000000009948
21.20000000009933
35.475000000099506
38.900000000100285
47.95000000010234
60.150000000105116
62.75000000010571
74.27500000010832
77.55000000010907
87.25000000011127
99.40000000011403
102.52500000011474
112.32500000011697
115.77500000011776
123.52500000011952
134.47500000011462
137.22500000011212
149.1250000001013
18.55000000009948
21.250000000099327
35.52500000009952
38.950000000100296
47.97500000010235
60.25000000010514
62.85000000010573
74.30000000010833
77.7250000001091
87.30000000011128
99.45000000011404
102.72500000011479
112.35000000011698
116.02500000011781
123.52500000011952
134.6000000001145
137.30000000011205
149.15000000010127
18.500000000099483
21.17500000009933
35.40000000009949
38.900000000100285
47.90000000010233
60.17500000010512
62.700000000105696
74.25000000010832
77.50000000010905
87.17500000011125
91.02500000011213
99.275000000114
102.37500000011471
112.30000000011697
115.77500000011776
123.35000000011948
134.35000000011473
137.17500000011216
149.05000000010136
18.55000000009948
21.20000000009933
35.50000000009951
38.950000000100296
47.97500000010235
60.22500000010513
62.77500000010571
74.32500000010833
77.57500000010907
87.30000000011128
91.07500000011214
99.35000000011402
102.42500000011472
112.35000000011698
115.85000000011777
123.4500000001195
134.52500000011457
137.30000000011205
149.15000000010127
18.500000000099483
21.150000000099332
35.50000000009951
38.82500000010027
47.92500000010234
60.05000000010509
62.62500000010568
74.25000000010832
77.45000000010904
87.22500000011127
91.02500000011213
99.40000000011403
102.52500000011474
112.27500000011696
115.65000000011773
123.4500000001195
134.45000000011464
137.17500000011216
149.07500000010134
18.52500000009948
21.225000000099328
35.475000000099506
38.900000000100285
47.92500000010234
60.17500000010512
62.75000000010571
74.27500000010832
77.7000000001091
87.22500000011127
99.37500000011403
102.55000000011475
112.30000000011697
116.15000000011784
123.50000000011951
134.45000000011464
137.22500000011212
149.10000000010132
18.55000000009948
21.20000000009933
35.475000000099506
38.900000000100285
47.95000000010234
60.20000000010513
62.7250000001057
74.30000000010833
77.55000000010907
87.22500000011127
91.50000000011224
99.35000000011402
102.47500000011473
112.35000000011698
115.82500000011777
123.4500000001195
134.4000000001147
137.20000000011214
149.1250000001013
18.52500000009948
21.20000000009933
35.4500000000995
38.85000000010027
47.92500000010234
60.12500000010511
62.650000000105685
74.27500000010832
77.52500000010906
87.25000000011127
91.15000000011216
99.35000000011402
102.42500000011472
112.32500000011697
115.80000000011776
123.4250000001195
134.52500000011457
137.2500000001121
149.1250000001013
18.52500000009948
21.17500000009933
35.475000000099506
38.85000000010027
47.92500000010234
60.12500000010511
62.650000000105685
74.27500000010832
77.45000000010904
87.22500000011127
90.9000000001121
99.40000000011403
102.50000000011474
112.30000000011697
115.67500000011773
123.47500000011951
134.52500000011457
137.20000000011214
149.10000000010132
18.52500000009948
21.20000000009933
35.425000000099494
38.900000000100285
47.90000000010233
60.17500000010512
62.7250000001057
74.27500000010832
77.55000000010907
87.20000000011126
91.12500000011215
99.32500000011402
102.40000000011472
112.30000000011697
115.85000000011777
123.37500000011948
134.47500000011462
137.22500000011212
149.10000000010132
18.500000000099483
21.150000000099332
35.4500000000995
38.80000000010026
47.90000000010233
60.100000000105105
62.62500000010568
74.25000000010832
77.40000000010903
87.17500000011125
90.72500000011206
99.40000000011403
102.45000000011473
112.25000000011696
115.62500000011772
123.4500000001195
134.3750000001147
137.10000000011223
149.07500000010134
18.500000000099483
21.150000000099332
35.35000000009948
38.87500000010028
47.90000000010233
60.150000000105116
62.67500000010569
74.25000000010832
77.50000000010905
87.15000000011125
90.97500000011212
99.275000000114
102.3500000001147
112.30000000011697
115.80000000011776
123.35000000011948
134.35000000011473
137.1500000001122
149.05000000010136
18.52500000009948
21.20000000009933
35.475000000099506
38.87500000010028
47.95000000010234
60.17500000010512
62.75000000010571
74.27500000010832
77.50000000010905
87.25000000011127
90.97500000011212
99.40000000011403
102.50000000011474
112.30000000011697
115.75000000011775
123.4500000001195
134.52500000011457
137.2500000001121
149.15000000010127
18.55000000009948
21.225000000099328
35.475000000099506
38.900000000100285
47.97500000010235
60.22500000010513
62.75000000010571
74.30000000010833
77.57500000010907
87.25000000011127
99.42500000011404
102.55000000011475
112.35000000011698
115.85000000011777
123.47500000011951
134.47500000011462
137.2500000001121
149.1250000001013
18.52500000009948
21.20000000009933
35.50000000009951
38.92500000010029
47.95000000010234
60.17500000010512
62.75000000010571
74.30000000010833
77.57500000010907
87.27500000011128
99.40000000011403
102.52500000011474
112.32500000011697
115.87500000011778
123.4250000001195
134.47500000011462
137.2500000001121
149.15000000010127
18.500000000099483
21.150000000099332
35.4500000000995
38.87500000010028
47.92500000010234
60.150000000105116
62.67500000010569
74.27500000010832
77.55000000010907
87.25000000011127
99.32500000011402
102.3500000001147
112.30000000011697
115.77500000011776
123.47500000011951
134.42500000011466
137.17500000011216
149.1250000001013
18.57500000009948
21.225000000099328
35.50000000009951
38.9750000001003
47.97500000010235
60.22500000010513
62.77500000010571
74.32500000010833
77.62500000010908
87.30000000011128
99.42500000011404
102.57500000011476
112.37500000011698
115.90000000011779
123.4250000001195
134.5000000001146
137.2500000001121
149.17500000010125
18.475000000099485
21.20000000009933
35.50000000009951
38.82500000010027
47.90000000010233
60.0750000001051
62.67500000010569
74.25000000010832
77.57500000010907
87.22500000011127
99.40000000011403
102.55000000011475
112.27500000011696
115.85000000011777
123.52500000011952
134.5000000001146
137.20000000011214
149.10000000010132
18.55000000009948
21.225000000099328
35.57500000009953
38.85000000010027
47.95000000010234
60.0750000001051
62.650000000105685
74.27500000010832
77.47500000010905
87.30000000011128
91.30000000011219
99.45000000011404
102.57500000011476
112.30000000011697
115.67500000011773
123.50000000011951
134.55000000011455
137.22500000011212
149.1250000001013
18.55000000009948
21.225000000099328
35.55000000009952
38.900000000100285
47.95000000010234
60.20000000010513
62.77500000010571
74.30000000010833
77.60000000010908
87.27500000011128
99.50000000011406
102.70000000011478
112.30000000011697
115.85000000011777
123.52500000011952
134.57500000011453
137.2500000001121
149.15000000010127
18.57500000009948
21.275000000099325
35.57500000009953
38.9750000001003
48.000000000102354
60.20000000010513
62.77500000010571
74.35000000010834
77.7000000001091
87.32500000011129
99.45000000011404
102.57500000011476
112.37500000011698
116.00000000011781
123.52500000011952
134.55000000011455
137.30000000011205
149.17500000010125
18.55000000009948
21.225000000099328
35.55000000009952
38.87500000010028
47.95000000010234
60.150000000105116
62.67500000010569
74.30000000010833
77.50000000010905
87.25000000011127
91.15000000011216
99.42500000011404
102.57500000011476
112.30000000011697
115.72500000011775
123.50000000011951
134.55000000011455
137.2500000001121
149.1250000001013
18.52500000009948
21.17500000009933
35.50000000009951
38.80000000010026
47.92500000010234
60.12500000010511
62.67500000010569
74.25000000010832
77.45000000010904
87.25000000011127
91.02500000011213
99.40000000011403
102.50000000011474
112.27500000011696
115.67500000011773
123.50000000011951
134.4000000001147
137.1250000001122
149.10000000010132
18.55000000009948
21.20000000009933
35.4500000000995
38.950000000100296
47.95000000010234
60.22500000010513
62.77500000010571
74.30000000010833
77.52500000010906
87.27500000011128
91.10000000011215
99.37500000011403
102.45000000011473
112.32500000011697
115.80000000011776
123.50000000011951
134.5000000001146
137.2500000001121
149.15000000010127
18.52500000009948
21.20000000009933
35.52500000009952
38.92500000010029
47.92500000010234
60.150000000105116
62.75000000010571
74.27500000010832
77.57500000010907
87.25000000011127
99.37500000011403
102.52500000011474
112.30000000011697
115.82500000011777
123.52500000011952
134.5000000001146
137.22500000011212
149.1250000001013
18.500000000099483
21.17500000009933
35.425000000099494
38.85000000010027
47.90000000010233
60.12500000010511
62.650000000105685
74.25000000010832
77.47500000010905
87.22500000011127
90.9000000001121
99.32500000011402
102.37500000011471
112.30000000011697
115.75000000011775
123.35000000011948
134.45000000011464
137.20000000011214
149.07500000010134
18.500000000099483
21.20000000009933
35.50000000009951
38.87500000010028
47.90000000010233
60.100000000105105
62.650000000105685
74.22500000010831
77.52500000010906
87.20000000011126
99.30000000011401
102.45000000011473
112.25000000011696
115.77500000011776
123.52500000011952
134.5000000001146
137.2500000001121
149.07500000010134
18.600000000099477
21.225000000099328
35.52500000009952
38.92500000010029
47.97500000010235
60.17500000010512
62.700000000105696
74.35000000010834
77.55000000010907
87.27500000011128
99.40000000011403
102.52500000011474
112.37500000011698
115.77500000011776
123.52500000011952
134.5000000001146
137.22500000011212
149.17500000010125
18.52500000009948
21.225000000099328
35.50000000009951
38.87500000010028
47.92500000010234
60.17500000010512
62.7250000001057
74.27500000010832
77.57500000010907
87.22500000011127
99.35000000011402
102.50000000011474
112.32500000011697
115.90000000011779
123.37500000011948
134.42500000011466
137.20000000011214
149.10000000010132
18.500000000099483
21.150000000099332
35.425000000099494
38.85000000010027
47.92500000010234
60.150000000105116
62.67500000010569
74.27500000010832
77.47500000010905
87.22500000011127
90.9000000001121
99.42500000011404
102.47500000011473
112.30000000011697
115.75000000011775
123.47500000011951
134.45000000011464
137.17500000011216
149.1250000001013
18.500000000099483
21.17500000009933
35.425000000099494
38.85000000010027
47.92500000010234
60.12500000010511
62.700000000105696
74.25000000010832
77.42500000010904
87.20000000011126
90.9250000001121
99.35000000011402
102.37500000011471
112.30000000011697
115.70000000011774
123.52500000011952
134.42500000011466
137.17500000011216
149.10000000010132
18.52500000009948
21.20000000009933
35.50000000009951
38.82500000010027
47.92500000010234
60.12500000010511
62.650000000105685
74.25000000010832
77.47500000010905
87.20000000011126
91.15000000011216
99.40000000011403
102.52500000011474
112.27500000011696
115.72500000011775
123.47500000011951
134.47500000011462
137.22500000011212
149.10000000010132
18.55000000009948
21.20000000009933
35.50000000009951
38.87500000010028
47.95000000010234
60.17500000010512
62.7250000001057
74.30000000010833
77.52500000010906
87.25000000011127
91.25000000011218
99.42500000011404
102.57500000011476
112.32500000011697
115.75000000011775
123.50000000011951
134.52500000011457
137.22500000011212
149.15000000010127
18.52500000009948
21.17500000009933
35.4500000000995
38.85000000010027
47.90000000010233
60.100000000105105
62.650000000105685
74.25000000010832
77.52500000010906
87.20000000011126
99.35000000011402
102.52500000011474
112.30000000011697
115.80000000011776
123.50000000011951
134.5000000001146
137.22500000011212
149.10000000010132
18.55000000009948
21.250000000099327
35.475000000099506
38.92500000010029
47.97500000010235
60.25000000010514
62.825000000105724
74.32500000010833
77.60000000010908
87.30000000011128
99.42500000011404
102.52500000011474
112.35000000011698
115.87500000011778
123.55000000011952
134.5000000001146
137.27500000011207
149.15000000010127
18.55000000009948
21.20000000009933
35.50000000009951
38.87500000010028
47.95000000010234
60.17500000010512
62.700000000105696
74.30000000010833
77.52500000010906
87.25000000011127
91.17500000011216
99.37500000011403
102.45000000011473
112.32500000011697
115.72500000011775
123.4500000001195
134.45000000011464
137.20000000011214
149.1250000001013
18.500000000099483
21.17500000009933
35.4500000000995
38.85000000010027
47.92500000010234
60.150000000105116
62.700000000105696
74.25000000010832
77.52500000010906
87.22500000011127
99.42500000011404
102.55000000011475
112.27500000011696
115.75000000011775
123.47500000011951
134.55000000011455
137.22500000011212
149.10000000010132
18.500000000099483
21.150000000099332
35.4500000000995
38.85000000010027
47.92500000010234
60.150000000105116
62.700000000105696
74.25000000010832
77.47500000010905
87.22500000011127
91.15000000011216
99.40000000011403
102.52500000011474
112.30000000011697
115.77500000011776
123.40000000011949
134.45000000011464
137.17500000011216
149.07500000010134
18.57500000009948
21.275000000099325
35.55000000009952
38.950000000100296
47.97500000010235
60.25000000010514
62.85000000010573
74.30000000010833
77.80000000010912
87.27500000011128
99.40000000011403
102.70000000011478
112.35000000011698
116.25000000011786
123.52500000011952
134.5000000001146
137.30000000011205
149.15000000010127
18.57500000009948
21.250000000099327
35.52500000009952
38.900000000100285
47.97500000010235
60.150000000105116
62.7250000001057
74.32500000010833
77.60000000010908
87.30000000011128
99.35000000011402
102.47500000011473
112.35000000011698
115.87500000011778
123.47500000011951
134.5000000001146
137.2500000001121
149.15000000010127
18.500000000099483
21.150000000099332
35.40000000009949
38.85000000010027
47.90000000010233
60.150000000105116
62.700000000105696
74.25000000010832
77.55000000010907
87.20000000011126
99.35000000011402
102.50000000011474
112.27500000011696
115.80000000011776
123.32500000011947
134.45000000011464
137.20000000011214
149.07500000010134
18.52500000009948
21.225000000099328
35.50000000009951
38.87500000010028
47.92500000010234
60.17500000010512
62.75000000010571
74.27500000010832
77.55000000010907
87.22500000011127
99.40000000011403
102.55000000011475
112.30000000011697
115.80000000011776
123.4250000001195
134.5000000001146
137.2500000001121
149.10000000010132
18.55000000009948
21.20000000009933
35.50000000009951
38.900000000100285
47.95000000010234
60.17500000010512
62.75000000010571
74.30000000010833
77.55000000010907
87.30000000011128
99.42500000011404
102.47500000011473
112.32500000011697
115.75000000011775
123.47500000011951
134.52500000011457
137.22500000011212
149.15000000010127
18.57500000009948
21.20000000009933
35.52500000009952
38.92500000010029
47.97500000010235
60.20000000010513
62.75000000010571
74.30000000010833
77.55000000010907
87.27500000011128
99.40000000011403
102.47500000011473
112.35000000011698
115.80000000011776
123.4250000001195
134.52500000011457
137.2500000001121
149.1250000001013
18.55000000009948
21.250000000099327
35.52500000009952
38.900000000100285
47.92500000010234
60.12500000010511
62.7250000001057
74.27500000010832
77.60000000010908
87.27500000011128
99.37500000011403
102.50000000011474
112.32500000011697
115.90000000011779
123.50000000011951
134.52500000011457
137.2500000001121
149.1250000001013
18.55000000009948
21.225000000099328
35.52500000009952
38.85000000010027
47.97500000010235
60.17500000010512
62.7250000001057
74.30000000010833
77.50000000010905
87.30000000011128
91.3500000001122
99.47500000011405
102.52500000011474
112.32500000011697
115.75000000011775
123.52500000011952
134.67500000011444
137.30000000011205
149.17500000010125
18.52500000009948
21.20000000009933
35.4500000000995
38.85000000010027
47.95000000010234
60.20000000010513
62.75000000010571
74.25000000010832
77.55000000010907
87.25000000011127
99.40000000011403
102.55000000011475
112.30000000011697
115.85000000011777
123.4250000001195
134.55000000011455
137.27500000011207
149.10000000010132
18.52500000009948
21.17500000009933
35.475000000099506
38.87500000010028
47.95000000010234
60.17500000010512
62.700000000105696
74.30000000010833
77.52500000010906
87.22500000011127
91.10000000011215
99.37500000011403
102.50000000011474
112.32500000011697
115.80000000011776
123.4500000001195
134.45000000011464
137.22500000011212
149.10000000010132
18.57500000009948
21.250000000099327
35.50000000009951
38.92500000010029
47.97500000010235
60.20000000010513
62.7250000001057
74.32500000010833
77.57500000010907
87.30000000011128
91.65000000011227
99.40000000011403
102.47500000011473
112.37500000011698
115.85000000011777
123.4500000001195
134.47500000011462
137.2500000001121
149.17500000010125
18.55000000009948
21.225000000099328
35.52500000009952
38.92500000010029
47.95000000010234
60.20000000010513
62.75000000010571
74.30000000010833
77.57500000010907
87.27500000011128
99.40000000011403
102.52500000011474
112.32500000011697
115.85000000011777
123.4250000001195
134.47500000011462
137.22500000011212
149.15000000010127
18.52500000009948
21.20000000009933
35.50000000009951
38.87500000010028
47.92500000010234
60.12500000010511
62.7250000001057
74.27500000010832
77.62500000010908
87.27500000011128
99.40000000011403
102.60000000011476
112.30000000011697
115.92500000011779
123.50000000011951
134.47500000011462
137.22500000011212
149.1250000001013
18.55000000009948
21.17500000009933
35.425000000099494
38.900000000100285
47.95000000010234
60.12500000010511
62.650000000105685
74.27500000010832
77.52500000010906
87.22500000011127
91.20000000011217
99.32500000011402
102.40000000011472
112.32500000011697
115.80000000011776
123.35000000011948
134.4000000001147
137.17500000011216
149.10000000010132
18.55000000009948
21.225000000099328
35.52500000009952
38.900000000100285
47.97500000010235
60.22500000010513
62.80000000010572
74.30000000010833
77.60000000010908
87.27500000011128
99.45000000011404
102.62500000011477
112.32500000011697
115.82500000011777
123.4500000001195
134.62500000011448
137.30000000011205
149.15000000010127
18.52500000009948
21.150000000099332
35.50000000009951
38.85000000010027
47.92500000010234
60.100000000105105
62.62500000010568
74.27500000010832
77.47500000010905
87.22500000011127
91.05000000011214
99.40000000011403
102.52500000011474
112.30000000011697
115.72500000011775
123.4250000001195
134.5000000001146
137.20000000011214
149.1250000001013
18.55000000009948
21.17500000009933
35.475000000099506
38.87500000010028
47.95000000010234
60.150000000105116
62.67500000010569
74.27500000010832
77.47500000010905
87.25000000011127
90.97500000011212
99.35000000011402
102.42500000011472
112.32500000011697
115.75000000011775
123.4500000001195
134.45000000011464
137.20000000011214
149.1250000001013
18.55000000009948
21.17500000009933
35.425000000099494
38.900000000100285
47.95000000010234
60.17500000010512
62.67500000010569
74.27500000010832
77.40000000010903
87.17500000011125
90.70000000011206
99.30000000011401
102.3250000001147
112.32500000011697
115.67500000011773
123.35000000011948
134.45000000011464
137.20000000011214
149.07500000010134
18.55000000009948
21.225000000099328
35.52500000009952
38.900000000100285
47.97500000010235
60.20000000010513
62.75000000010571
74.32500000010833
77.57500000010907
87.27500000011128
99.45000000011404
102.52500000011474
112.35000000011698
115.82500000011777
123.47500000011951
134.5000000001146
137.2500000001121
149.15000000010127
18.625000000099476
21.275000000099325
35.62500000009954
39.00000000010031
48.02500000010236
60.25000000010514
62.875000000105736
74.37500000010834
77.6750000001091
87.4000000001113
99.52500000011406
102.72500000011479
112.40000000011699
115.9750000001178
123.67500000011955
134.62500000011448
137.350000000112
149.2250000001012
18.55000000009948
21.225000000099328
35.600000000099534
38.9750000001003
47.97500000010235
60.275000000105145
62.875000000105736
74.32500000010833
77.6750000001091
87.3500000001113
99.45000000011404
102.72500000011479
112.35000000011698
115.9500000001178
123.55000000011952
134.55000000011455
137.30000000011205
149.20000000010123
18.500000000099483
21.17500000009933
35.475000000099506
38.87500000010028
47.92500000010234
60.12500000010511
62.700000000105696
74.27500000010832
77.62500000010908
87.22500000011127
99.40000000011403
102.60000000011476
112.32500000011697
115.9750000001178
123.47500000011951
134.47500000011462
137.22500000011212
149.1250000001013
18.55000000009948
21.20000000009933
35.50000000009951
38.900000000100285
47.95000000010234
60.17500000010512
62.7250000001057
74.27500000010832
77.47500000010905
87.25000000011127
91.07500000011214
99.40000000011403
102.45000000011473
112.32500000011697
115.77500000011776
123.47500000011951
134.42500000011466
137.20000000011214
149.1250000001013
18.57500000009948
21.225000000099328
35.50000000009951
38.950000000100296
47.97500000010235
60.22500000010513
62.75000000010571
74.30000000010833
77.55000000010907
87.27500000011128
91.7750000001123
99.32500000011402
102.42500000011472
112.35000000011698
115.82500000011777
123.37500000011948
134.42500000011466
137.22500000011212
149.10000000010132
18.57500000009948
21.20000000009933
35.50000000009951
38.92500000010029
48.000000000102354
60.25000000010514
62.825000000105724
74.32500000010833
77.55000000010907
87.30000000011128
91.42500000011222
99.45000000011404
102.55000000011475
112.35000000011698
115.77500000011776
123.52500000011952
134.47500000011462
137.22500000011212
149.17500000010125
18.55000000009948
21.225000000099328
35.52500000009952
38.92500000010029
47.97500000010235
60.22500000010513
62.77500000010571
74.32500000010833
77.60000000010908
87.30000000011128
99.45000000011404
102.60000000011476
112.32500000011697
115.85000000011777
123.47500000011951
134.52500000011457
137.22500000011212
149.15000000010127
18.600000000099477
21.275000000099325
35.62500000009954
38.950000000100296
48.000000000102354
60.17500000010512
62.75000000010571
74.35000000010834
77.60000000010908
87.30000000011128
99.52500000011406
102.62500000011477
112.35000000011698
115.82500000011777
123.57500000011953
134.62500000011448
137.32500000011203
149.20000000010123
18.52500000009948
21.17500000009933
35.425000000099494
38.87500000010028
47.95000000010234
60.20000000010513
62.700000000105696
74.30000000010833
77.52500000010906
87.25000000011127
91.22500000011217
99.32500000011402
102.37500000011471
112.32500000011697
115.77500000011776
123.4250000001195
134.45000000011464
137.20000000011214
149.1250000001013
18.55000000009948
21.17500000009933
35.475000000099506
38.900000000100285
47.95000000010234
60.22500000010513
62.75000000010571
74.30000000010833
77.52500000010906
87.30000000011128
91.22500000011217
99.40000000011403
102.47500000011473
112.32500000011697
115.77500000011776
123.37500000011948
134.52500000011457
137.2500000001121
149.15000000010127
18.57500000009948
21.225000000099328
35.50000000009951
38.92500000010029
47.97500000010235
60.25000000010514
62.80000000010572
74.35000000010834
77.55000000010907
87.30000000011128
91.40000000011221
99.45000000011404
102.52500000011474
112.37500000011698
115.77500000011776
123.52500000011952
134.52500000011457
137.2500000001121
149.17500000010125
18.52500000009948
21.17500000009933
35.40000000009949
38.900000000100285
47.92500000010234
60.20000000010513
62.700000000105696
74.30000000010833
77.50000000010905
87.20000000011126
91.07500000011214
99.275000000114
102.3000000001147
112.32500000011697
115.82500000011777
123.50000000011951
134.5000000001146
137.22500000011212
149.1250000001013
18.55000000009948
21.225000000099328
35.52500000009952
38.900000000100285
47.97500000010235
60.20000000010513
62.77500000010571
74.35000000010834
77.62500000010908
87.32500000011129
99.50000000011406
102.65000000011477
112.35000000011698
115.87500000011778
123.47500000011951
134.6000000001145
137.32500000011203
149.20000000010123
18.55000000009948
21.20000000009933
35.4500000000995
38.92500000010029
47.97500000010235
60.22500000010513
62.77500000010571
74.30000000010833
77.55000000010907
87.25000000011127
91.15000000011216
99.45000000011404
102.55000000011475
112.35000000011698
115.80000000011776
123.40000000011949
134.52500000011457
137.2500000001121
149.15000000010127
18.52500000009948
21.20000000009933
35.475000000099506
38.87500000010028
47.95000000010234
60.150000000105116
62.75000000010571
74.30000000010833
77.57500000010907
87.25000000011127
99.40000000011403
102.55000000011475
112.32500000011697
115.77500000011776
123.52500000011952
134.47500000011462
137.2500000001121
149.15000000010127
18.52500000009948
21.150000000099332
35.4500000000995
38.85000000010027
47.92500000010234
60.100000000105105
62.62500000010568
74.25000000010832
77.47500000010905
87.20000000011126
91.52500000011224
99.32500000011402
102.40000000011472
112.30000000011697
115.77500000011776
123.47500000011951
134.4000000001147
137.1250000001122
149.07500000010134
18.55000000009948
21.225000000099328
35.600000000099534
38.92500000010029
47.97500000010235
60.25000000010514
62.825000000105724
74.30000000010833
77.60000000010908
87.27500000011128
99.50000000011406
102.70000000011478
112.32500000011697
115.85000000011777
123.52500000011952
134.55000000011455
137.30000000011205
149.15000000010127
18.500000000099483
21.17500000009933
35.475000000099506
38.85000000010027
47.92500000010234
60.17500000010512
62.75000000010571
74.27500000010832
77.52500000010906
87.25000000011127
91.22500000011217
99.45000000011404
102.60000000011476
112.30000000011697
115.77500000011776
123.4500000001195
134.55000000011455
137.2500000001121
149.15000000010127
18.55000000009948
21.225000000099328
35.50000000009951
38.87500000010028
47.95000000010234
60.12500000010511
62.67500000010569
74.27500000010832
77.52500000010906
87.27500000011128
91.30000000011219
99.37500000011403
102.50000000011474
112.32500000011697
115.82500000011777
123.47500000011951
134.52500000011457
137.2500000001121
149.1250000001013
18.52500000009948
21.17500000009933
35.4500000000995
38.85000000010027
47.92500000010234
60.20000000010513
62.7250000001057
74.25000000010832
77.47500000010905
87.22500000011127
90.97500000011212
99.32500000011402
102.45000000011473
112.30000000011697
115.72500000011775
123.4500000001195
134.3750000001147
137.17500000011216
149.10000000010132
18.55000000009948
21.225000000099328
35.52500000009952
38.92500000010029
47.97500000010235
60.20000000010513
62.75000000010571
74.30000000010833
77.57500000010907
87.27500000011128
91.50000000011224
99.42500000011404
102.57500000011476
112.35000000011698
115.80000000011776
123.52500000011952
134.57500000011453
137.30000000011205
149.15000000010127
18.52500000009948
21.17500000009933
35.50000000009951
38.80000000010026
47.92500000010234
60.100000000105105
62.67500000010569
74.27500000010832
77.50000000010905
87.25000000011127
91.27500000011219
99.45000000011404
102.60000000011476
112.30000000011697
115.75000000011775
123.47500000011951
134.57500000011453
137.2500000001121
149.1250000001013
18.55000000009948
21.17500000009933
35.4500000000995
38.900000000100285
47.95000000010234
60.22500000010513
62.7250000001057
74.27500000010832
77.47500000010905
87.20000000011126
90.8750000001121
99.35000000011402
102.40000000011472
112.32500000011697
115.77500000011776
123.40000000011949
134.4000000001147
137.17500000011216
149.07500000010134
18.52500000009948
21.17500000009933
35.50000000009951
38.82500000010027
47.90000000010233
60.12500000010511
62.67500000010569
74.27500000010832
77.52500000010906
87.22500000011127
99.42500000011404
102.57500000011476
112.27500000011696
115.72500000011775
123.4250000001195
134.52500000011457
137.2500000001121
149.10000000010132
18.52500000009948
21.20000000009933
35.50000000009951
38.85000000010027
47.95000000010234
60.100000000105105
62.650000000105685
74.27500000010832
77.45000000010904
87.22500000011127
91.00000000011212
99.40000000011403
102.50000000011474
112.30000000011697
115.67500000011773
123.40000000011949
134.52500000011457
137.22500000011212
149.1250000001013
18.57500000009948
21.250000000099327
35.52500000009952
38.92500000010029
47.97500000010235
60.17500000010512
62.77500000010571
74.32500000010833
77.65000000010909
87.30000000011128
99.47500000011405
102.62500000011477
112.32500000011697
115.9500000001178
123.52500000011952
134.55000000011455
137.27500000011207
149.15000000010127
18.425000000099487
21.075000000099337
35.37500000009948
38.775000000100256
47.85000000010232
60.05000000010509
62.60000000010567
74.2000000001083
77.40000000010903
87.20000000011126
90.97500000011212
99.30000000011401
102.37500000011471
112.20000000011694
115.65000000011773
123.4250000001195
134.45000000011464
137.1500000001122
149.05000000010136
18.52500000009948
21.20000000009933
35.475000000099506
38.87500000010028
47.92500000010234
60.150000000105116
62.75000000010571
74.27500000010832
77.55000000010907
87.25000000011127
99.45000000011404
102.55000000011475
112.30000000011697
115.77500000011776
123.57500000011953
134.47500000011462
137.20000000011214
149.1250000001013
18.55000000009948
21.17500000009933
35.4500000000995
38.87500000010028
47.95000000010234
60.20000000010513
62.7250000001057
74.30000000010833
77.55000000010907
87.25000000011127
99.37500000011403
102.47500000011473
112.35000000011698
115.77500000011776
123.40000000011949
134.45000000011464
137.17500000011216
149.1250000001013
18.55000000009948
21.20000000009933
35.4500000000995
38.87500000010028
47.95000000010234
60.20000000010513
62.7250000001057
74.27500000010832
77.57500000010907
87.25000000011127
99.35000000011402
102.47500000011473
112.32500000011697
115.90000000011779
123.52500000011952
134.42500000011466
137.20000000011214
149.10000000010132
18.52500000009948
21.20000000009933
35.52500000009952
38.85000000010027
47.92500000010234
60.150000000105116
62.7250000001057
74.27500000010832
77.55000000010907
87.22500000011127
99.45000000011404
102.65000000011477
112.30000000011697
115.80000000011776
123.55000000011952
134.52500000011457
137.27500000011207
149.1250000001013
18.57500000009948
21.250000000099327
35.55000000009952
38.87500000010028
47.95000000010234
60.17500000010512
62.7250000001057
74.30000000010833
77.55000000010907
87.27500000011128
99.47500000011405
102.62500000011477
112.32500000011697
115.75000000011775
123.57500000011953
134.6000000001145
137.30000000011205
149.1250000001013
