14.900000000099688
24.37500000009915
27.800000000098954
30.975000000098774
34.00000000009917
38.25000000010014
43.27500000010128
47.05000000010214
50.67500000010296
55.575000000104076
58.7500000001048
62.20000000010558
65.8000000001064
70.42500000010745
74.02500000010826
77.15000000010897
79.67500000010955
82.15000000011011
85.22500000011081
87.72500000011138
90.57500000011203
93.57500000011271
96.57500000011339
99.75000000011411
102.3500000001147
105.30000000011538
108.25000000011605
111.52500000011679
114.2250000001174
117.35000000011811
121.02500000011895
124.70000000011979
128.8750000001197
134.65000000011446
15.000000000099682
24.500000000099142
27.925000000098947
31.150000000098764
34.375000000099256
39.20000000010035
43.475000000101325
47.300000000102195
51.300000000103104
56.02500000010418
59.07500000010487
62.55000000010566
66.57500000010657
70.72500000010751
74.25000000010832
77.37500000010903
80.02500000010963
82.50000000011019
85.57500000011089
88.30000000011151
91.60000000011226
94.77500000011298
97.37500000011357
100.32500000011424
103.10000000011487
106.52500000011565
109.45000000011632
112.35000000011698
115.25000000011764
118.85000000011846
122.60000000011931
127.12500000012034
14.950000000099685
24.450000000099145
27.87500000009895
31.150000000098764
34.45000000009927
39.67500000010046
43.525000000101336
47.350000000102206
51.525000000103155
56.20000000010422
59.25000000010491
62.62500000010568
66.62500000010658
70.70000000010751
74.2000000001083
77.35000000010902
80.02500000010963
82.45000000011018
85.6000000001109
88.45000000011154
92.00000000011235
95.47500000011314
98.50000000011383
101.27500000011446
104.35000000011516
107.97500000011598
111.45000000011677
114.37500000011744
117.95000000011825
122.02500000011918
126.57500000012021
14.950000000099685
24.450000000099145
27.90000000009895
31.150000000098764
34.22500000009922
38.75000000010025
43.42500000010131
47.22500000010218
51.000000000103036
55.925000000104156
58.97500000010485
62.42500000010563
66.22500000010649
70.6500000001075
74.2000000001083
77.35000000010902
79.9250000001096
82.37500000011016
85.45000000011086
88.10000000011146
91.25000000011218
94.27500000011287
96.95000000011348
100.07500000011419
102.7750000001148
106.02500000011554
108.77500000011617
111.87500000011687
114.70000000011751
118.10000000011829
122.02500000011918
126.0750000001201
131.25000000011755
14.950000000099685
24.425000000099146
27.85000000009895
31.05000000009877
34.07500000009919
38.325000000100154
43.32500000010129
47.10000000010215
50.72500000010297
55.6750000001041
58.80000000010481
62.2750000001056
65.75000000010638
70.35000000010743
73.95000000010825
77.12500000010897
79.55000000010952
82.1000000001101
85.2000000001108
87.67500000011137
90.40000000011199
93.37500000011266
96.45000000011336
99.62500000011408
102.15000000011466
104.92500000011529
108.050000000116
111.35000000011675
113.97500000011735
116.95000000011802
120.45000000011882
123.9000000001196
127.72500000012047
132.37500000011653
140.5500000001091
14.950000000099685
24.450000000099145
27.87500000009895
31.05000000009877
33.95000000009916
37.95000000010007
43.20000000010126
46.900000000102104
50.27500000010287
54.825000000103906
58.55000000010475
62.125000000105565
65.50000000010633
69.97500000010734
73.47500000010814
78.85000000010936
81.47500000010996
84.45000000011063
86.90000000011119
89.50000000011178
92.60000000011249
95.80000000011322
98.95000000011393
101.50000000011451
104.15000000011511
107.32500000011584
110.57500000011657
113.17500000011717
115.9500000001178
119.27500000011855
122.5500000001193
126.30000000012015
130.70000000011805
136.82500000011248
15.000000000099682
24.500000000099142
27.925000000098947
31.150000000098764
34.45000000009927
39.475000000100415
43.525000000101336
47.37500000010221
51.475000000103144
56.32500000010425
59.350000000104934
62.75000000010571
66.87500000010664
70.80000000010753
74.27500000010832
77.40000000010903
80.07500000010964
82.5250000001102
85.57500000011089
88.35000000011152
91.70000000011228
94.97500000011303
97.62500000011363
100.50000000011428
103.32500000011493
106.85000000011573
109.97500000011644
112.77500000011707
115.80000000011776
119.57500000011862
123.07500000011942
127.45000000012041
134.7250000001144
14.87500000009969
24.37500000009915
27.800000000098954
30.975000000098774
34.025000000099176
38.35000000010016
43.27500000010128
47.07500000010214
50.72500000010297
55.72500000010411
58.80000000010481
62.250000000105594
65.87500000010641
70.45000000010745
74.02500000010826
77.15000000010897
79.67500000010955
82.20000000011012
85.25000000011082
87.87500000011141
90.9250000001121
93.9750000001128
96.77500000011344
99.92500000011415
102.60000000011476
105.77500000011548
108.55000000011611
111.67500000011682
114.42500000011745
117.7250000001182
121.55000000011907
125.52500000011997
130.25000000011846
14.925000000099686
24.400000000099148
27.825000000098953
30.975000000098774
33.87500000009914
37.850000000100046
43.075000000101234
46.75000000010207
50.10000000010283
54.57500000010385
58.50000000010474
62.125000000105565
65.62500000010635
70.27500000010741
73.87500000010823
77.00000000010894
79.42500000010949
82.05000000011009
85.07500000011078
87.60000000011135
90.40000000011199
93.60000000011271
96.6250000001134
99.85000000011414
102.50000000011474
105.57500000011544
108.40000000011608
111.60000000011681
114.32500000011743
117.50000000011815
121.225000000119
125.02500000011986
129.47500000011917
136.07500000011316
14.900000000099688
24.400000000099148
27.825000000098953
31.05000000009877
34.05000000009918
38.30000000010015
43.300000000101285
47.10000000010215
50.70000000010297
55.72500000010411
58.80000000010481
62.32500000010561
66.10000000010646
70.57500000010748
74.12500000010829
77.275000000109
79.8750000001096
82.35000000011016
85.45000000011086
88.17500000011148
91.42500000011222
94.65000000011295
97.30000000011356
100.30000000011424
103.12500000011488
106.60000000011567
109.65000000011636
112.475000000117
115.40000000011767
119.0500000001185
122.62500000011931
127.27500000012037
14.950000000099685
24.425000000099146
27.85000000009895
31.02500000009877
34.150000000099205
38.62500000010022
43.3750000001013
47.20000000010217
50.97500000010303
56.15000000010421
59.12500000010488
62.50000000010565
66.2750000001065
70.62500000010749
74.15000000010829
77.30000000010901
79.8750000001096
82.37500000011016
85.47500000011087
88.12500000011147
91.22500000011217
94.4000000001129
97.0500000001135
100.07500000011419
102.8000000001148
106.00000000011553
108.72500000011615
111.77500000011685
114.57500000011748
117.92500000011825
121.82500000011913
125.95000000012007
130.95000000011783
14.950000000099685
24.425000000099146
27.85000000009895
31.05000000009877
34.05000000009918
38.325000000100154
43.350000000101296
47.125000000102155
50.75000000010298
55.80000000010413
58.875000000104826
62.300000000105605
65.8250000001064
70.45000000010745
74.02500000010826
77.15000000010897
79.65000000010954
82.20000000011012
85.22500000011081
87.85000000011141
90.8750000001121
93.9500000001128
96.80000000011344
99.95000000011416
102.62500000011477
105.72500000011547
108.52500000011611
111.70000000011683
114.42500000011745
117.65000000011818
121.45000000011905
125.10000000011988
129.2250000001194
134.7250000001144
14.950000000099685
24.425000000099146
27.87500000009895
31.05000000009877
34.27500000009923
39.02500000010031
43.3750000001013
47.22500000010218
51.15000000010307
56.225000000104224
59.25000000010491
62.57500000010567
66.37500000010652
70.60000000010749
74.15000000010829
77.275000000109
79.85000000010959
82.35000000011016
85.40000000011085
88.05000000011145
91.15000000011216
94.20000000011285
96.92500000011347
100.00000000011417
102.67500000011478
105.8250000001155
108.60000000011613
111.72500000011684
114.50000000011747
117.80000000011822
121.65000000011909
125.47500000011996
129.82500000011885
135.5000000001137
14.900000000099688
24.37500000009915
27.800000000098954
30.950000000098775
33.92500000009915
38.025000000100086
43.250000000101274
47.000000000102126
50.50000000010292
55.32500000010402
58.62500000010477
62.17500000010558
65.70000000010637
70.35000000010743
73.95000000010825
77.07500000010896
79.60000000010953
82.1250000001101
85.1750000001108
87.72500000011138
90.65000000011204
93.62500000011272
96.6000000001134
99.80000000011412
102.42500000011472
105.4250000001154
108.30000000011606
111.5500000001168
114.27500000011742
117.42500000011813
121.12500000011897
124.80000000011981
128.97500000011962
134.57500000011453
14.950000000099685
24.425000000099146
27.87500000009895
31.100000000098767
34.25000000009923
38.87500000010028
43.40000000010131
47.22500000010218
51.07500000010305
55.97500000010417
59.000000000104855
62.45000000010564
66.32500000010651
70.6500000001075
74.2000000001083
77.32500000010901
79.95000000010961
82.40000000011017
85.50000000011087
88.20000000011149
91.37500000011221
94.47500000011291
97.0750000001135
100.1500000001142
102.92500000011484
106.3000000001156
109.10000000011624
112.07500000011692
114.95000000011757
118.50000000011838
122.27500000011923
126.5250000001202
131.9750000001169
14.900000000099688
24.37500000009915
27.825000000098953
31.100000000098767
34.200000000099216
38.82500000010027
43.350000000101296
47.175000000102166
50.97500000010303
55.875000000104144
58.90000000010483
62.300000000105605
65.8500000001064
70.37500000010743
73.97500000010825
77.17500000010898
79.65000000010954
82.17500000011012
85.25000000011082
87.8250000001114
90.72500000011206
93.72500000011274
96.65000000011341
99.82500000011413
102.45000000011473
105.4250000001154
108.32500000011606
111.5750000001168
114.27500000011742
117.42500000011813
121.17500000011898
124.90000000011983
129.2250000001194
135.45000000011373
14.950000000099685
24.425000000099146
27.87500000009895
31.100000000098767
34.27500000009923
38.950000000100296
43.45000000010132
47.27500000010219
51.20000000010308
56.050000000104184
59.07500000010487
62.475000000105645
66.30000000010651
70.6500000001075
74.2000000001083
77.35000000010902
79.95000000010961
82.40000000011017
85.47500000011087
88.12500000011147
91.30000000011219
94.37500000011289
97.0250000001135
100.10000000011419
102.82500000011481
106.10000000011556
108.87500000011619
111.90000000011688
114.72500000011752
118.1500000001183
122.05000000011918
126.15000000012012
131.40000000011742
14.950000000099685
24.450000000099145
27.85000000009895
31.05000000009877
34.05000000009918
38.25000000010014
43.32500000010129
47.10000000010215
50.67500000010296
55.575000000104076
58.7500000001048
62.250000000105594
65.70000000010637
70.2250000001074
73.80000000010821
77.00000000010894
79.35000000010947
81.97500000011007
85.00000000011076
87.55000000011134
90.450000000112
93.5500000001127
96.6250000001134
99.82500000011413
102.45000000011473
105.50000000011542
108.40000000011608
111.67500000011682
114.42500000011745
117.65000000011818
121.42500000011904
125.30000000011992
129.82500000011885
137.32500000011203
15.02500000009968
24.500000000099142
27.925000000098947
31.100000000098767
34.05000000009918
38.200000000100125
43.350000000101296
47.07500000010214
50.600000000102945
55.42500000010404
58.7500000001048
62.32500000010561
65.95000000010643
70.62500000010749
74.1750000001083
77.30000000010901
79.85000000010959
82.32500000011015
85.35000000011084
87.90000000011142
90.77500000011207
93.75000000011275
96.70000000011342
99.87500000011414
102.47500000011473
105.4250000001154
108.37500000011607
111.65000000011682
114.32500000011743
117.42500000011813
121.05000000011896
124.7750000001198
129.0000000001196
134.32500000011476
14.925000000099686
24.400000000099148
27.85000000009895
31.07500000009877
34.22500000009922
38.82500000010027
43.3750000001013
47.22500000010218
51.07500000010305
56.1250000001042
59.12500000010488
62.50000000010565
66.32500000010651
70.57500000010748
74.12500000010829
77.275000000109
79.9000000001096
82.37500000011016
85.42500000011086
88.17500000011148
91.47500000011223
94.72500000011297
97.35000000011357
100.30000000011424
103.07500000011487
106.52500000011565
109.47500000011632
112.35000000011698
115.25000000011764
118.85000000011846
122.37500000011926
126.62500000012022
132.5250000001164
14.87500000009969
24.35000000009915
27.775000000098956
30.950000000098775
33.77500000009912
37.60000000009999
42.600000000101126
46.17500000010194
49.275000000102644
53.35000000010357
57.52500000010452
60.9500000001053
64.02500000010599
67.95000000010688
70.97500000010757
74.15000000010829
77.275000000109
79.80000000010958
82.25000000011013
85.27500000011082
87.85000000011141
90.80000000011208
93.87500000011278
96.72500000011343
99.87500000011414
102.52500000011474
105.62500000011545
108.40000000011608
111.5750000001168
114.27500000011742
117.42500000011813
121.12500000011897
124.87500000011983
129.27500000011935
135.4750000001137
14.975000000099683
24.475000000099143
27.90000000009895
31.07500000009877
34.07500000009919
38.30000000010015
43.40000000010131
47.20000000010217
50.825000000102996
55.700000000104104
58.85000000010482
62.37500000010562
66.07500000010646
70.62500000010749
74.2000000001083
77.32500000010901
79.9000000001096
82.42500000011017
85.52500000011088
88.17500000011148
91.27500000011219
94.37500000011289
97.0500000001135
100.1250000001142
102.85000000011482
106.10000000011556
108.82500000011618
111.87500000011687
114.6500000001175
117.97500000011826
121.87500000011914
125.95000000012007
130.90000000011787
15.02500000009968
24.500000000099142
27.925000000098947
31.175000000098763
34.325000000099244
39.00000000010031
43.475000000101325
47.3250000001022
51.22500000010309
56.1250000001042
59.15000000010489
62.55000000010566
66.30000000010651
70.6750000001075
74.2000000001083
77.35000000010902
79.95000000010961
82.42500000011017
85.52500000011088
88.20000000011149
91.3500000001122
94.45000000011291
97.10000000011351
100.17500000011421
102.90000000011483
106.17500000011557
108.9000000001162
111.95000000011689
114.75000000011752
118.1500000001183
121.97500000011917
126.0500000001201
131.0750000001177
14.900000000099688
24.400000000099148
27.85000000009895
31.07500000009877
34.025000000099176
38.17500000010012
43.250000000101274
47.000000000102126
50.50000000010292
55.350000000104025
58.650000000104775
62.15000000010557
65.47500000010632
69.82500000010731
73.3250000001081
78.70000000010933
81.30000000010992
84.22500000011058
86.75000000011116
89.35000000011175
92.47500000011246
95.7250000001132
98.92500000011393
101.50000000011451
104.20000000011512
107.47500000011587
110.77500000011662
113.40000000011722
116.25000000011786
119.67500000011864
123.07500000011942
126.9500000001203
131.60000000011723
14.975000000099683
24.450000000099145
27.87500000009895
31.05000000009877
34.07500000009919
38.30000000010015
43.350000000101296
47.125000000102155
50.70000000010297
55.6750000001041
58.825000000104815
62.32500000010561
65.8500000001064
70.47500000010746
74.05000000010827
77.17500000010898
79.67500000010955
82.22500000011013
85.27500000011082
87.85000000011141
90.77500000011207
93.80000000011276
96.72500000011343
99.90000000011415
102.55000000011475
105.60000000011544
108.45000000011609
111.65000000011682
114.37500000011744
117.57500000011817
121.35000000011902
125.12500000011988
129.4500000001192
135.32500000011385
14.925000000099686
24.37500000009915
27.825000000098953
31.000000000098773
33.92500000009915
37.92500000010006
43.15000000010125
46.85000000010209
50.27500000010287
54.87500000010392
58.52500000010475
62.075000000105554
65.42500000010631
69.85000000010731
73.35000000010811
78.72500000010933
81.35000000010993
84.17500000011057
86.77500000011116
89.62500000011181
93.05000000011259
96.35000000011334
99.60000000011408
102.27500000011469
105.37500000011539
108.30000000011606
111.5750000001168
114.32500000011743
117.55000000011816
121.37500000011903
125.25000000011991
129.8750000001188
14.950000000099685
24.425000000099146
27.85000000009895
31.05000000009877
34.00000000009917
38.1000000001001
43.250000000101274
46.97500000010212
50.45000000010291
55.225000000104
58.62500000010477
62.17500000010558
65.62500000010635
70.2500000001074
73.82500000010822
77.00000000010894
79.35000000010947
81.92500000011006
85.02500000011077
87.52500000011133
90.20000000011194
93.30000000011265
96.40000000011335
99.62500000011408
102.20000000011467
105.05000000011532
108.12500000011602
111.42500000011677
114.07500000011737
117.10000000011806
120.67500000011887
124.22500000011968
128.20000000012033
133.10000000011587
14.975000000099683
24.450000000099145
27.87500000009895
31.100000000098767
34.22500000009922
38.82500000010027
43.42500000010131
47.27500000010219
51.125000000103064
56.07500000010419
59.10000000010488
62.45000000010564
66.15000000010647
70.57500000010748
74.15000000010829
77.275000000109
79.82500000010958
82.35000000011016
85.47500000011087
88.12500000011147
91.25000000011218
94.25000000011286
96.95000000011348
100.05000000011418
102.72500000011479
105.92500000011552
108.70000000011615
111.80000000011685
114.60000000011749
117.90000000011824
121.82500000011913
125.77500000012003
130.50000000011823
14.925000000099686
24.425000000099146
27.85000000009895
31.05000000009877
33.92500000009915
37.87500000010005
43.10000000010124
46.775000000102075
50.10000000010283
54.57500000010385
58.50000000010474
62.075000000105554
65.42500000010631
69.85000000010731
73.37500000010812
78.72500000010933
81.32500000010992
86.82500000011117
89.30000000011174
92.2000000001124
95.2750000001131
98.10000000011374
100.77500000011435
103.32500000011493
106.3000000001156
108.97500000011621
111.87500000011687
114.47500000011746
117.50000000011815
121.05000000011896
124.57500000011976
128.4500000001201
133.15000000011582
14.925000000099686
24.400000000099148
27.85000000009895
31.07500000009877
34.27500000009923
39.075000000100324
43.3750000001013
47.22500000010218
51.15000000010307
55.80000000010413
58.90000000010483
62.40000000010563
66.2750000001065
70.6500000001075
74.15000000010829
77.275000000109
79.9250000001096
82.35000000011016
85.40000000011085
88.02500000011145
91.12500000011215
94.15000000011284
96.85000000011345
99.97500000011416
102.67500000011478
105.8750000001155
108.65000000011614
111.77500000011685
114.57500000011748
117.97500000011826
121.77500000011912
125.90000000012006
131.05000000011773
14.975000000099683
24.425000000099146
27.85000000009895
31.05000000009877
34.150000000099205
38.62500000010022
43.350000000101296
47.15000000010216
50.90000000010301
55.700000000104104
58.825000000104815
62.300000000105605
66.00000000010644
70.52500000010747
74.07500000010828
77.20000000010899
79.75000000010957
82.27500000011014
85.32500000011083
87.97500000011144
91.07500000011214
94.07500000011282
96.82500000011345
99.95000000011416
102.62500000011477
105.77500000011548
108.57500000011612
111.72500000011684
114.50000000011747
117.80000000011822
121.65000000011909
125.52500000011997
130.25000000011846
14.950000000099685
24.425000000099146
27.85000000009895
31.02500000009877
34.05000000009918
38.27500000010014
43.250000000101274
47.000000000102126
50.57500000010294
55.50000000010406
58.72500000010479
62.15000000010557
65.52500000010633
69.95000000010734
73.45000000010813
78.82500000010936
81.47500000010996
84.45000000011063
86.9250000001112
89.52500000011179
92.6250000001125
95.82500000011322
98.95000000011393
101.50000000011451
104.17500000011512
107.42500000011586
110.6750000001166
113.3000000001172
116.15000000011784
119.57500000011862
122.85000000011937
126.60000000012022
131.00000000011778
136.87500000011244
14.950000000099685
24.425000000099146
27.87500000009895
31.100000000098767
34.17500000009921
38.67500000010023
43.350000000101296
47.175000000102166
50.92500000010302
55.80000000010413
58.875000000104826
62.35000000010562
66.05000000010645
70.55000000010747
74.12500000010829
77.275000000109
79.8750000001096
82.32500000011015
85.37500000011084
88.00000000011144
91.12500000011215
94.12500000011283
96.85000000011345
99.97500000011416
102.67500000011478
105.90000000011551
108.67500000011614
111.80000000011685
114.60000000011749
117.97500000011826
121.82500000011913
125.82500000012004
130.82500000011794
14.975000000099683
24.475000000099143
27.90000000009895
31.22500000009876
35.05000000009941
43.42500000010131
47.50000000010224
52.52500000010338
56.675000000104326
59.80000000010504
63.32500000010584
69.12500000010715
72.37500000010789
74.80000000010844
77.82500000010913
80.65000000010977
83.02500000011031
85.92500000011097
88.82500000011163
92.47500000011246
96.10000000011328
99.37500000011403
102.22500000011468
105.70000000011547
108.60000000011613
111.92500000011688
115.0750000001176
119.07500000011851
122.67500000011933
127.77500000012049
14.925000000099686
24.400000000099148
27.825000000098953
31.000000000098773
34.00000000009917
38.200000000100125
43.27500000010128
47.02500000010213
50.57500000010294
55.45000000010405
58.70000000010479
62.20000000010558
65.72500000010638
70.35000000010743
73.92500000010824
77.05000000010895
79.4750000001095
82.05000000011009
85.07500000011078
87.55000000011134
90.30000000011196
93.37500000011266
96.47500000011337
99.65000000011409
102.22500000011468
105.12500000011534
108.17500000011603
111.45000000011677
114.10000000011738
117.15000000011807
120.72500000011888
124.27500000011969
128.20000000012033
132.97500000011598
14.925000000099686
24.425000000099146
27.87500000009895
31.07500000009877
34.025000000099176
38.12500000010011
43.250000000101274
47.000000000102126
50.475000000102916
55.250000000104
58.650000000104775
62.15000000010557
65.52500000010633
70.05000000010736
73.60000000010817
79.0250000001094
81.67500000011
84.7500000001107
87.20000000011126
89.87500000011187
93.02500000011258
96.27500000011332
99.45000000011404
102.00000000011462
104.77500000011526
108.00000000011599
111.35000000011675
113.97500000011735
116.97500000011803
120.50000000011883
124.02500000011963
128.05000000012046
133.25000000011573
14.975000000099683
24.450000000099145
27.90000000009895
31.07500000009877
34.00000000009917
38.1000000001001
43.27500000010128
47.000000000102126
50.475000000102916
55.20000000010399
58.62500000010477
62.17500000010558
65.60000000010635
70.2250000001074
73.80000000010821
77.00000000010894
79.35000000010947
81.95000000011007
85.02500000011077
87.57500000011134
90.40000000011199
93.47500000011269
96.6000000001134
99.82500000011413
102.47500000011473
105.57500000011544
108.4750000001161
111.72500000011684
114.47500000011746
117.7250000001182
121.55000000011907
125.52500000011997
130.25000000011846
14.950000000099685
24.450000000099145
27.87500000009895
31.125000000098765
34.30000000009924
39.05000000010032
43.45000000010132
47.300000000102195
51.25000000010309
55.82500000010413
58.90000000010483
62.300000000105605
65.92500000010642
70.55000000010747
74.12500000010829
77.250000000109
79.82500000010958
82.30000000011015
85.37500000011084
87.95000000011143
90.9250000001121
93.80000000011276
96.67500000011341
99.82500000011413
102.42500000011472
105.4250000001154
108.35000000011607
111.65000000011682
114.37500000011744
117.57500000011817
121.37500000011903
125.10000000011988
129.47500000011917
136.17500000011307
15.000000000099682
24.450000000099145
27.87500000009895
31.02500000009877
33.975000000099165
38.025000000100086
43.22500000010127
46.92500000010211
50.35000000010289
55.000000000103945
58.600000000104764
62.15000000010557
65.57500000010634
70.05000000010736
73.60000000010817
76.70000000010887
79.0250000001094
81.62500000010999
84.55000000011066
87.07500000011123
89.80000000011185
93.00000000011258
96.25000000011332
99.47500000011405
102.07500000011464
104.9500000001153
108.10000000011601
111.40000000011676
114.05000000011736
117.12500000011806
120.70000000011888
124.25000000011968
128.27500000012026
133.3000000001157
14.975000000099683
24.475000000099143
27.87500000009895
31.07500000009877
34.200000000099216
38.725000000100245
43.42500000010131
47.27500000010219
51.10000000010306
56.02500000010418
59.050000000104866
62.475000000105645
66.30000000010651
70.62500000010749
74.2000000001083
77.32500000010901
79.9250000001096
82.42500000011017
85.47500000011087
88.17500000011148
91.3500000001122
94.50000000011292
97.12500000011352
100.17500000011421
102.97500000011485
106.37500000011562
109.22500000011627
112.15000000011693
115.02500000011759
118.5750000001184
122.37500000011926
126.72500000012025
132.55000000011637
14.975000000099683
24.475000000099143
27.90000000009895
31.150000000098764
34.40000000009926
39.4000000001004
43.50000000010133
47.350000000102206
51.42500000010313
56.275000000104235
59.30000000010492
62.700000000105696
66.80000000010662
70.75000000010752
74.22500000010831
77.37500000010903
80.02500000010963
82.45000000011018
85.55000000011088
88.22500000011149
91.42500000011222
94.57500000011294
97.17500000011353
100.22500000011422
103.00000000011485
106.42500000011563
109.27500000011628
112.20000000011694
115.1000000001176
118.70000000011842
122.50000000011929
126.92500000012029
133.05000000011592
14.975000000099683
24.425000000099146
27.87500000009895
31.07500000009877
34.10000000009919
38.375000000100165
43.32500000010129
47.10000000010215
50.72500000010297
55.77500000010412
58.875000000104826
62.35000000010562
65.92500000010642
70.45000000010745
74.02500000010826
77.17500000010898
79.67500000010955
82.30000000011015
85.37500000011084
88.05000000011145
91.20000000011217
94.4250000001129
97.15000000011352
100.1500000001142
102.87500000011482
106.07500000011555
108.82500000011618
111.85000000011686
114.60000000011749
117.92500000011825
121.80000000011913
125.95000000012007
130.80000000011796
14.975000000099683
24.450000000099145
27.90000000009895
31.100000000098767
34.150000000099205
38.5250000001002
43.40000000010131
47.20000000010217
50.90000000010301
55.90000000010415
58.92500000010484
62.32500000010561
65.8000000001064
70.42500000010745
74.00000000010826
77.15000000010897
79.62500000010954
82.17500000011012
85.27500000011082
87.85000000011141
90.77500000011207
93.82500000011277
96.75000000011343
99.92500000011415
102.57500000011476
105.60000000011544
108.45000000011609
111.67500000011682
114.37500000011744
117.55000000011816
121.30000000011901
125.02500000011986
129.27500000011935
135.0500000001141
14.950000000099685
24.425000000099146
27.85000000009895
31.07500000009877
34.25000000009923
38.9750000001003
43.3750000001013
47.20000000010217
51.125000000103064
56.1250000001042
59.15000000010489
62.55000000010566
66.45000000010654
70.62500000010749
74.15000000010829
77.275000000109
79.9000000001096
82.37500000011016
85.45000000011086
88.20000000011149
91.52500000011224
94.90000000011301
97.75000000011366
100.6000000001143
103.42500000011495
106.90000000011574
110.07500000011646
112.85000000011709
115.82500000011777
119.52500000011861
123.0000000001194
127.35000000012039
134.85000000011428
14.950000000099685
24.425000000099146
27.85000000009895
31.07500000009877
34.35000000009925
39.300000000100376
43.45000000010132
47.300000000102195
51.37500000010312
56.17500000010421
59.2000000001049
62.60000000010567
66.57500000010657
70.6750000001075
74.1750000001083
77.32500000010901
79.95000000010961
82.40000000011017
85.47500000011087
88.17500000011148
91.40000000011221
94.47500000011291
97.0750000001135
100.07500000011419
102.7750000001148
106.05000000011555
108.80000000011617
111.85000000011686
114.6750000001175
118.10000000011829
122.00000000011917
126.1000000001201
131.22500000011757
14.925000000099686
24.400000000099148
27.825000000098953
31.05000000009877
34.025000000099176
38.27500000010014
43.300000000101285
47.07500000010214
50.650000000102956
55.525000000104065
58.72500000010479
62.250000000105594
65.87500000010641
70.50000000010746
74.07500000010828
77.22500000010899
79.75000000010957
82.22500000011013
85.30000000011083
87.85000000011141
90.75000000011207
93.72500000011274
96.65000000011341
99.85000000011414
102.47500000011473
105.50000000011542
108.37500000011607
111.62500000011681
114.35000000011743
117.55000000011816
121.30000000011901
125.05000000011987
129.4250000001192
136.17500000011307
14.975000000099683
24.450000000099145
27.87500000009895
31.100000000098767
34.200000000099216
38.70000000010024
43.40000000010131
47.20000000010217
51.000000000103036
56.20000000010422
59.2000000001049
62.55000000010566
66.2750000001065
70.60000000010749
74.15000000010829
77.30000000010901
79.8750000001096
82.35000000011016
85.42500000011086
88.05000000011145
91.12500000011215
94.22500000011286
96.95000000011348
100.07500000011419
102.7750000001148
106.00000000011553
108.75000000011616
111.82500000011686
114.6250000001175
117.97500000011826
121.87500000011914
126.00000000012008
131.22500000011757
14.975000000099683
24.450000000099145
27.90000000009895
31.07500000009877
33.92500000009915
37.82500000010004
43.00000000010122
46.65000000010205
49.87500000010278
54.20000000010376
58.425000000104724
62.05000000010555
65.3750000001063
69.85000000010731
73.35000000010811
78.67500000010932
81.32500000010992
84.3000000001106
86.70000000011115
89.25000000011173
92.27500000011241
95.45000000011314
98.30000000011378
100.92500000011438
103.50000000011497
106.55000000011566
109.3500000001163
112.17500000011694
114.77500000011753
117.87500000011823
121.50000000011906
125.12500000011988
129.17500000011944
134.22500000011485
14.950000000099685
24.425000000099146
27.87500000009895
31.125000000098765
34.17500000009921
38.65000000010023
43.32500000010129
47.10000000010215
50.825000000102996
55.875000000104144
58.95000000010484
62.40000000010563
66.10000000010646
70.47500000010746
74.05000000010827
77.22500000010899
79.77500000010957
82.25000000011013
85.35000000011084
87.92500000011142
90.9250000001121
93.9750000001128
96.80000000011344
99.97500000011416
102.67500000011478
105.8500000001155
108.62500000011613
111.77500000011685
114.52500000011747
117.82500000011822
121.72500000011911
125.57500000011999
130.05000000011864
136.62500000011266
14.85000000009969
24.35000000009915
27.775000000098956
31.000000000098773
34.025000000099176
38.30000000010015
43.300000000101285
47.10000000010215
50.75000000010298
55.575000000104076
58.72500000010479
62.22500000010559
65.8500000001064
70.47500000010746
74.07500000010828
77.22500000010899
79.77500000010957
82.25000000011013
85.32500000011083
87.87500000011141
90.75000000011207
93.67500000011273
96.6000000001134
99.80000000011412
102.37500000011471
105.35000000011539
108.25000000011605
111.52500000011679
114.2000000001174
117.32500000011811
121.00000000011894
124.70000000011979
128.85000000011973
134.07500000011498
14.950000000099685
24.425000000099146
27.85000000009895
31.07500000009877
34.200000000099216
38.80000000010026
43.40000000010131
47.22500000010218
51.05000000010305
55.95000000010416
58.97500000010485
62.45000000010564
66.2500000001065
70.60000000010749
74.15000000010829
77.30000000010901
79.9000000001096
82.37500000011016
85.42500000011086
88.12500000011147
91.3250000001122
94.52500000011293
97.17500000011353
100.20000000011422
102.92500000011484
106.22500000011559
109.00000000011622
111.97500000011689
114.80000000011754
118.22500000011831
122.1000000001192
126.17500000012012
131.12500000011767
14.950000000099685
24.425000000099146
27.85000000009895
31.05000000009877
34.17500000009921
38.67500000010023
43.40000000010131
47.22500000010218
51.02500000010304
55.82500000010413
58.92500000010484
62.40000000010563
66.32500000010651
70.70000000010751
74.22500000010831
77.35000000010902
80.02500000010963
82.42500000011017
85.50000000011087
88.15000000011148
91.30000000011219
94.32500000011288
96.95000000011348
100.02500000011418
102.7500000001148
106.00000000011553
108.75000000011616
111.85000000011686
114.6500000001175
118.05000000011827
121.87500000011914
125.87500000012005
130.80000000011796
14.900000000099688
24.35000000009915
27.775000000098956
30.975000000098774
33.975000000099165
38.22500000010013
43.27500000010128
47.05000000010214
50.62500000010295
55.55000000010407
58.70000000010479
62.15000000010557
65.60000000010635
70.17500000010739
73.7500000001082
76.90000000010892
79.30000000010946
81.87500000011005
84.87500000011073
87.4000000001113
90.17500000011194
93.35000000011266
96.45000000011336
99.62500000011408
102.25000000011468
105.25000000011536
108.25000000011605
111.50000000011678
114.25000000011741
117.45000000011814
121.225000000119
125.07500000011987
129.4250000001192
135.07500000011407
14.900000000099688
24.400000000099148
27.85000000009895
31.05000000009877
34.17500000009921
38.70000000010024
43.350000000101296
47.175000000102166
50.97500000010303
55.700000000104104
58.825000000104815
62.250000000105594
65.8000000001064
70.47500000010746
74.07500000010828
77.22500000010899
79.75000000010957
82.25000000011013
85.30000000011083
87.87500000011141
90.82500000011208
93.77500000011275
96.65000000011341
99.82500000011413
102.42500000011472
105.37500000011539
108.30000000011606
111.5500000001168
114.25000000011741
117.37500000011812
121.05000000011896
124.65000000011977
128.62500000011994
133.67500000011535
14.925000000099686
24.400000000099148
27.825000000098953
31.07500000009877
34.325000000099244
39.27500000010037
43.45000000010132
47.300000000102195
51.37500000010312
56.65000000010432
59.875000000105054
63.1500000001058
67.45000000010677
70.80000000010753
74.22500000010831
77.40000000010903
80.05000000010963
82.5500000001102
85.57500000011089
88.50000000011156
92.00000000011235
95.42500000011313
98.52500000011383
101.22500000011445
104.20000000011512
107.85000000011595
111.27500000011673
114.10000000011738
117.47500000011814
121.57500000011908
125.90000000012006
131.70000000011714
14.925000000099686
24.400000000099148
27.85000000009895
31.07500000009877
34.150000000099205
38.600000000100216
43.3750000001013
47.20000000010217
50.950000000103024
55.80000000010413
58.875000000104826
62.35000000010562
66.05000000010645
70.57500000010748
74.15000000010829
77.275000000109
79.85000000010959
82.32500000011015
85.45000000011086
88.05000000011145
91.10000000011215
94.22500000011286
96.92500000011347
100.05000000011418
102.7750000001148
106.00000000011553
108.70000000011615
111.80000000011685
114.57500000011748
117.92500000011825
121.77500000011912
125.80000000012004
130.70000000011805
15.000000000099682
24.475000000099143
27.90000000009895
31.125000000098765
34.550000000099296
40.02500000010054
43.60000000010135
47.42500000010222
51.7250000001032
56.60000000010431
59.77500000010503
63.1500000001058
67.67500000010682
70.97500000010757
74.27500000010832
77.40000000010903
80.10000000010965
82.5250000001102
85.52500000011088
88.22500000011149
91.45000000011223
94.57500000011294
97.20000000011353
100.20000000011422
102.95000000011484
106.2750000001156
109.07500000011623
112.05000000011691
114.95000000011757
118.47500000011837
122.22500000011922
126.5500000001202
132.45000000011646
14.87500000009969
24.37500000009915
27.800000000098954
31.05000000009877
34.10000000009919
38.5250000001002
43.350000000101296
47.15000000010216
50.87500000010301
55.750000000104116
58.825000000104815
62.2750000001056
65.8250000001064
70.50000000010746
74.07500000010828
77.250000000109
79.80000000010958
82.25000000011013
85.35000000011084
87.87500000011141
90.75000000011207
93.70000000011274
96.6250000001134
99.82500000011413
102.45000000011473
105.4250000001154
108.30000000011606
111.5750000001168
114.25000000011741
117.40000000011813
121.10000000011897
124.85000000011982
129.15000000011946
134.8250000001143
14.925000000099686
24.400000000099148
27.825000000098953
31.05000000009877
34.07500000009919
38.375000000100165
43.350000000101296
47.15000000010216
50.825000000102996
55.82500000010413
58.875000000104826
62.35000000010562
66.05000000010645
70.57500000010748
74.15000000010829
77.275000000109
79.85000000010959
82.30000000011015
85.37500000011084
87.97500000011144
91.02500000011213
94.07500000011282
96.80000000011344
99.95000000011416
102.60000000011476
105.72500000011547
108.5000000001161
111.67500000011682
114.40000000011744
117.65000000011818
121.45000000011905
125.42500000011995
130.35000000011837
14.950000000099685
24.425000000099146
27.87500000009895
31.100000000098767
34.200000000099216
38.725000000100245
43.3750000001013
47.20000000010217
50.97500000010303
55.80000000010413
58.875000000104826
62.32500000010561
65.92500000010642
70.52500000010747
74.10000000010828
77.275000000109
79.82500000010958
82.32500000011015
85.37500000011084
88.05000000011145
91.17500000011216
94.27500000011287
96.95000000011348
100.05000000011418
102.7500000001148
105.92500000011552
108.65000000011614
111.77500000011685
114.55000000011748
117.87500000011823
121.75000000011912
125.85000000012005
131.05000000011773
14.950000000099685
24.425000000099146
27.87500000009895
31.100000000098767
34.07500000009919
38.30000000010015
43.27500000010128
47.05000000010214
50.600000000102945
55.55000000010407
58.7500000001048
62.2750000001056
65.8000000001064
70.42500000010745
74.00000000010826
77.15000000010897
79.67500000010955
82.17500000011012
85.22500000011081
87.8000000001114
90.77500000011207
93.90000000011278
96.77500000011344
99.97500000011416
102.67500000011478
105.8500000001155
108.60000000011613
111.75000000011684
114.50000000011747
117.77500000011821
121.60000000011908
125.45000000011996
130.12500000011858
14.900000000099688
24.37500000009915
27.825000000098953
31.000000000098773
33.92500000009915
37.975000000100074
43.20000000010126
46.92500000010211
50.375000000102894
55.02500000010395
58.55000000010475
62.125000000105565
65.60000000010635
70.30000000010742
73.87500000010823
77.05000000010895
79.52500000010951
82.1000000001101
85.1500000001108
87.67500000011137
90.55000000011202
93.57500000011271
96.6000000001134
99.80000000011412
102.42500000011472
105.4250000001154
108.32500000011606
111.5750000001168
114.25000000011741
117.37500000011812
121.02500000011895
124.72500000011979
129.02500000011958
134.87500000011426
15.000000000099682
24.475000000099143
27.90000000009895
31.05000000009877
33.975000000099165
37.95000000010007
43.20000000010126
46.8750000001021
50.22500000010286
54.72500000010388
58.55000000010475
62.125000000105565
65.45000000010631
69.87500000010732
73.35000000010811
78.70000000010933
81.27500000010991
84.07500000011055
86.62500000011113
89.17500000011171
92.2000000001124
95.3250000001131
98.27500000011378
100.92500000011438
103.50000000011497
106.55000000011566
109.3500000001163
112.12500000011693
114.75000000011752
117.82500000011822
121.40000000011904
125.15000000011989
129.4500000001192
134.85000000011428
14.900000000099688
24.37500000009915
27.825000000098953
31.100000000098767
33.87500000009914
37.675000000100006
42.725000000101154
46.32500000010197
49.45000000010268
53.52500000010361
57.4250000001045
60.75000000010525
63.750000000105935
67.47500000010677
70.82500000010754
74.1750000001083
77.35000000010902
79.9250000001096
82.30000000011015
85.40000000011085
87.90000000011142
90.75000000011207
93.70000000011274
96.65000000011341
99.87500000011414
102.47500000011473
105.50000000011542
108.35000000011607
111.62500000011681
114.30000000011742
117.40000000011813
121.07500000011896
124.65000000011977
128.65000000011992
133.9500000001151
14.925000000099686
24.400000000099148
27.825000000098953
30.975000000098774
34.025000000099176
38.325000000100154
43.27500000010128
47.05000000010214
50.70000000010297
55.62500000010409
58.775000000104804
62.2750000001056
65.97500000010643
70.45000000010745
74.02500000010826
77.15000000010897
79.70000000010955
82.25000000011013
85.32500000011083
87.95000000011143
91.02500000011213
94.07500000011282
96.85000000011345
99.95000000011416
102.67500000011478
105.90000000011551
108.67500000011614
111.77500000011685
114.57500000011748
117.90000000011824
121.77500000011912
125.90000000012006
131.02500000011776
14.900000000099688
24.37500000009915
27.800000000098954
30.975000000098774
33.95000000009916
38.1000000001001
43.250000000101274
47.000000000102126
50.55000000010293
55.350000000104025
58.62500000010477
62.125000000105565
65.60000000010635
70.2250000001074
73.80000000010821
76.95000000010893
79.37500000010948
81.95000000011007
85.02500000011077
87.55000000011134
90.32500000011197
93.37500000011266
96.47500000011337
99.6750000001141
102.25000000011468
105.15000000011534
108.17500000011603
111.45000000011677
114.12500000011738
117.20000000011808
120.8000000001189
124.42500000011972
128.55000000012
133.9500000001151
14.87500000009969
24.35000000009915
27.800000000098954
31.000000000098773
34.025000000099176
38.35000000010016
43.250000000101274
47.02500000010213
50.67500000010296
55.525000000104065
58.72500000010479
62.22500000010559
65.8500000001064
70.40000000010744
73.97500000010825
77.10000000010896
79.60000000010953
82.1250000001101
85.2000000001108
87.77500000011139
90.70000000011206
93.75000000011275
96.65000000011341
99.82500000011413
102.47500000011473
105.50000000011542
108.35000000011607
111.5500000001168
114.25000000011741
117.42500000011813
121.12500000011897
124.82500000011981
129.05000000011955
134.55000000011455
14.85000000009969
24.35000000009915
27.775000000098956
31.000000000098773
34.00000000009917
38.27500000010014
43.300000000101285
47.10000000010215
50.75000000010298
55.575000000104076
58.70000000010479
62.15000000010557
65.60000000010635
70.17500000010739
73.77500000010821
76.95000000010893
79.30000000010946
81.87500000011005
84.90000000011074
87.3750000001113
90.05000000011191
93.15000000011261
96.32500000011333
99.52500000011406
102.05000000011464
104.80000000011526
107.97500000011598
111.30000000011674
113.90000000011733
116.825000000118
120.30000000011879
123.72500000011956
127.52500000012043
132.0750000001168
138.75000000011073
14.975000000099683
24.425000000099146
27.85000000009895
31.02500000009877
33.95000000009916
38.00000000010008
43.15000000010125
46.85000000010209
50.27500000010287
54.92500000010393
58.55000000010475
62.17500000010558
65.65000000010636
70.17500000010739
73.7500000001082
76.90000000010892
79.27500000010946
81.90000000011005
84.95000000011075
87.50000000011133
90.40000000011199
93.57500000011271
96.6000000001134
99.82500000011413
102.47500000011473
105.55000000011543
108.40000000011608
111.60000000011681
114.32500000011743
117.50000000011815
121.250000000119
125.07500000011987
129.57500000011908
136.42500000011285
14.925000000099686
24.400000000099148
27.825000000098953
30.975000000098774
34.00000000009917
38.25000000010014
43.32500000010129
47.07500000010214
50.70000000010297
55.62500000010409
58.7500000001048
62.20000000010558
65.72500000010638
70.32500000010742
73.90000000010824
77.02500000010895
79.4750000001095
82.0750000001101
85.10000000011078
87.65000000011136
90.50000000011201
93.57500000011271
96.57500000011339
99.75000000011411
102.37500000011471
105.35000000011539
108.25000000011605
111.50000000011678
114.1750000001174
117.3000000001181
120.95000000011893
124.52500000011975
128.50000000012005
133.45000000011555
14.925000000099686
24.400000000099148
27.85000000009895
31.05000000009877
34.00000000009917
38.12500000010011
43.250000000101274
47.000000000102126
50.50000000010292
55.350000000104025
58.650000000104775
62.17500000010558
65.60000000010635
70.12500000010738
73.67500000010818
79.17500000010943
81.80000000011003
84.80000000011071
87.32500000011129
90.15000000011193
93.35000000011266
96.52500000011338
99.75000000011411
102.40000000011472
105.47500000011541
108.40000000011608
111.65000000011682
114.40000000011744
117.62500000011818
121.45000000011905
125.27500000011992
129.80000000011887
14.950000000099685
24.425000000099146
27.85000000009895
31.100000000098767
34.00000000009917
38.0750000001001
43.250000000101274
47.000000000102126
50.45000000010291
55.20000000010399
58.600000000104764
62.15000000010557
65.55000000010634
70.15000000010738
73.7250000001082
79.22500000010945
81.87500000011005
84.87500000011073
87.4000000001113
90.22500000011195
93.40000000011267
96.52500000011338
99.75000000011411
102.40000000011472
105.45000000011541
108.32500000011606
111.60000000011681
114.32500000011743
117.52500000011815
121.30000000011901
125.02500000011986
129.30000000011933
135.12500000011403
15.000000000099682
24.475000000099143
27.90000000009895
31.07500000009877
33.95000000009916
37.87500000010005
43.05000000010123
46.70000000010206
50.00000000010281
54.3750000001038
58.45000000010473
62.00000000010554
65.35000000010629
69.75000000010729
73.17500000010807
76.12500000010874
78.50000000010928
81.17500000010989
83.8500000001105
86.42500000011108
88.97500000011166
91.97500000011235
95.12500000011306
97.87500000011369
100.65000000011432
103.2250000001149
106.32500000011561
109.02500000011622
111.95000000011689
114.60000000011749
117.7000000001182
121.35000000011902
125.02500000011986
129.20000000011942
134.75000000011437
14.900000000099688
24.35000000009915
27.800000000098954
30.975000000098774
33.90000000009915
37.95000000010007
43.15000000010125
46.8750000001021
50.30000000010288
55.000000000103945
58.55000000010475
62.125000000105565
65.62500000010635
70.2500000001074
73.82500000010822
76.97500000010893
79.37500000010948
82.00000000011008
85.05000000011077
87.62500000011136
90.55000000011202
93.67500000011273
96.65000000011341
99.82500000011413
102.47500000011473
105.55000000011543
108.40000000011608
111.60000000011681
114.32500000011743
117.52500000011815
121.27500000011901
125.2000000001199
129.85000000011883
14.900000000099688
24.400000000099148
27.825000000098953
31.07500000009877
33.90000000009915
37.800000000100034
43.05000000010123
46.70000000010206
49.9750000001028
54.3750000001038
58.40000000010472
61.97500000010553
65.17500000010625
69.40000000010721
72.72500000010797
75.12500000010851
78.02500000010917
80.57500000010975
82.82500000011026
85.65000000011091
88.15000000011148
90.9250000001121
93.72500000011274
96.57500000011339
99.75000000011411
102.25000000011468
105.0000000001153
108.075000000116
111.40000000011676
113.97500000011735
116.875000000118
120.27500000011878
123.62500000011954
127.35000000012039
131.7500000001171
137.5750000001118
14.975000000099683
24.450000000099145
27.87500000009895
31.100000000098767
34.25000000009923
38.900000000100285
43.45000000010132
47.300000000102195
51.175000000103076
55.97500000010417
59.000000000104855
62.475000000105645
66.35000000010652
70.6750000001075
74.2000000001083
77.35000000010902
79.97500000010962
82.47500000011019
85.57500000011089
88.2750000001115
91.50000000011224
94.70000000011296
97.32500000011356
100.30000000011424
103.02500000011486
106.32500000011561
109.12500000011624
112.05000000011691
114.87500000011755
118.35000000011834
122.02500000011918
126.15000000012012
131.3000000001175
14.900000000099688
24.400000000099148
27.87500000009895
31.125000000098765
34.25000000009923
38.92500000010029
43.40000000010131
47.25000000010218
51.10000000010306
55.925000000104156
58.95000000010484
62.42500000010563
66.32500000010651
70.6500000001075
74.2000000001083
77.37500000010903
79.97500000010962
82.42500000011017
85.50000000011087
88.15000000011148
91.3250000001122
94.45000000011291
97.0500000001135
100.10000000011419
102.82500000011481
106.07500000011555
108.82500000011618
111.87500000011687
114.6750000001175
118.02500000011827
121.95000000011916
126.1000000001201
131.35000000011746
14.975000000099683
24.450000000099145
27.87500000009895
31.05000000009877
34.200000000099216
38.75000000010025
43.3750000001013
47.20000000010217
51.05000000010305
56.25000000010423
59.25000000010491
62.60000000010567
66.52500000010656
70.6500000001075
74.1750000001083
77.30000000010901
79.9000000001096
82.37500000011016
85.42500000011086
88.07500000011146
91.22500000011217
94.32500000011288
96.97500000011348
100.05000000011418
102.7500000001148
105.97500000011553
108.70000000011615
111.77500000011685
114.55000000011748
117.90000000011824
121.85000000011914
126.00000000012008
131.50000000011732
14.87500000009969
24.35000000009915
27.800000000098954
30.975000000098774
33.87500000009914
37.87500000010005
43.125000000101245
46.82500000010209
50.22500000010286
54.8000000001039
58.475000000104735
62.05000000010555
65.45000000010631
69.97500000010734
73.50000000010814
78.95000000010938
81.57500000010998
84.65000000011068
87.12500000011124
89.77500000011185
93.00000000011258
96.27500000011332
99.50000000011406
102.07500000011464
104.9750000001153
108.12500000011602
111.45000000011677
114.12500000011738
117.22500000011809
120.85000000011891
124.50000000011974
128.6750000001199
134.15000000011491
14.925000000099686
24.425000000099146
27.87500000009895
31.125000000098765
34.375000000099256
39.4000000001004
43.475000000101325
47.3250000001022
51.40000000010313
56.30000000010424
59.32500000010493
62.62500000010568
66.40000000010653
70.6500000001075
74.1750000001083
77.32500000010901
79.9000000001096
82.40000000011017
85.47500000011087
88.12500000011147
91.22500000011217
94.4000000001129
97.0750000001135
100.1500000001142
102.85000000011482
106.10000000011556
108.82500000011618
111.87500000011687
114.6750000001175
118.07500000011828
122.02500000011918
126.30000000012015
131.60000000011723
14.900000000099688
24.400000000099148
27.85000000009895
31.07500000009877
34.30000000009924
39.17500000010035
43.42500000010131
47.27500000010219
51.2750000001031
56.15000000010421
59.175000000104895
62.57500000010567
66.67500000010659
70.70000000010751
74.1750000001083
77.32500000010901
79.95000000010961
82.37500000011016
85.45000000011086
88.10000000011146
91.22500000011217
94.32500000011288
97.00000000011349
100.07500000011419
102.85000000011482
106.20000000011558
109.00000000011622
111.97500000011689
114.82500000011754
118.32500000011834
122.1250000001192
126.32500000012016
131.9750000001169
14.87500000009969
24.35000000009915
27.800000000098954
31.000000000098773
33.975000000099165
38.12500000010011
43.250000000101274
47.000000000102126
50.55000000010293
55.32500000010402
58.62500000010477
62.15000000010557
65.75000000010638
70.50000000010746
74.07500000010828
77.22500000010899
79.82500000010958
82.25000000011013
85.35000000011084
87.90000000011142
90.85000000011209
93.75000000011275
96.6250000001134
99.77500000011412
102.42500000011472
105.50000000011542
108.35000000011607
111.60000000011681
114.35000000011743
117.57500000011817
121.37500000011903
125.1750000001199
129.67500000011898
14.925000000099686
24.425000000099146
27.85000000009895
31.07500000009877
34.00000000009917
38.12500000010011
43.300000000101285
47.05000000010214
50.55000000010293
55.350000000104025
58.650000000104775
62.17500000010558
65.70000000010637
70.47500000010746
74.05000000010827
77.20000000010899
79.72500000010956
82.20000000011012
85.35000000011084
87.85000000011141
90.65000000011204
93.60000000011271
96.6000000001134
99.80000000011412
102.42500000011472
105.4000000001154
108.32500000011606
111.60000000011681
114.30000000011742
117.45000000011814
121.12500000011897
124.72500000011979
128.70000000011987
134.02500000011503
14.900000000099688
24.37500000009915
27.825000000098953
31.02500000009877
33.975000000099165
38.12500000010011
43.27500000010128
47.02500000010213
50.55000000010293
55.32500000010402
58.62500000010477
62.125000000105565
65.52500000010633
70.10000000010737
73.65000000010818
76.92500000010892
79.12500000010942
81.72500000011001
84.82500000011072
87.27500000011128
89.90000000011187
93.02500000011258
96.22500000011331
99.42500000011404
101.97500000011462
104.75000000011525
107.95000000011598
111.27500000011673
113.90000000011733
116.850000000118
120.3500000001188
123.75000000011957
127.55000000012043
132.25000000011664
14.975000000099683
24.450000000099145
27.87500000009895
31.100000000098767
34.30000000009924
39.02500000010031
43.45000000010132
47.27500000010219
51.20000000010308
56.1250000001042
59.12500000010488
62.475000000105645
66.20000000010648
70.62500000010749
74.1750000001083
77.30000000010901
79.9000000001096
82.37500000011016
85.45000000011086
88.12500000011147
91.3250000001122
94.4000000001129
97.0250000001135
100.10000000011419
102.8000000001148
106.02500000011554
108.77500000011617
111.85000000011686
114.6750000001175
118.05000000011827
121.95000000011916
125.92500000012006
130.8750000001179
14.950000000099685
24.425000000099146
27.87500000009895
31.100000000098767
34.150000000099205
38.57500000010021
43.3750000001013
47.175000000102166
50.90000000010301
55.700000000104104
58.85000000010482
62.32500000010561
66.05000000010645
70.62500000010749
74.1750000001083
77.30000000010901
79.9000000001096
82.35000000011016
85.40000000011085
87.95000000011143
90.9250000001121
93.85000000011277
96.72500000011343
99.90000000011415
102.55000000011475
105.65000000011545
108.4750000001161
111.70000000011683
114.45000000011746
117.7000000001182
121.52500000011906
125.30000000011992
129.70000000011896
136.3500000001129
14.925000000099686
24.425000000099146
27.85000000009895
31.05000000009877
34.00000000009917
38.12500000010011
43.27500000010128
47.02500000010213
50.50000000010292
55.250000000104
58.650000000104775
62.17500000010558
65.50000000010633
69.85000000010731
73.3250000001081
78.65000000010932
81.2500000001099
84.20000000011058
86.65000000011113
89.1500000001117
92.10000000011237
95.15000000011307
97.9250000001137
100.65000000011432
103.12500000011488
105.97500000011553
108.60000000011613
111.65000000011682
114.25000000011741
117.17500000011808
120.62500000011886
124.02500000011963
127.75000000012048
132.0750000001168
137.52500000011185
15.000000000099682
24.450000000099145
27.90000000009895
31.07500000009877
34.200000000099216
38.70000000010024
43.3750000001013
47.175000000102166
50.950000000103024
55.90000000010415
58.95000000010484
62.32500000010561
65.8250000001064
70.40000000010744
73.97500000010825
77.10000000010896
79.57500000010953
82.1250000001101
85.12500000011079
87.70000000011137
90.65000000011204
93.75000000011275
96.67500000011341
99.85000000011414
102.47500000011473
105.50000000011542
108.37500000011607
111.60000000011681
114.30000000011742
117.47500000011814
121.225000000119
124.90000000011983
129.07500000011953
134.62500000011448
14.925000000099686
24.37500000009915
27.825000000098953
31.000000000098773
33.975000000099165
38.150000000100114
43.22500000010127
47.000000000102126
50.52500000010293
55.42500000010404
58.67500000010478
62.20000000010558
65.72500000010638
70.30000000010742
73.87500000010823
77.02500000010895
79.50000000010951
82.1000000001101
85.12500000011079
87.70000000011137
90.62500000011204
93.70000000011274
96.67500000011341
99.85000000011414
102.50000000011474
105.60000000011544
108.45000000011609
111.62500000011681
114.35000000011743
117.57500000011817
121.35000000011902
125.05000000011987
129.25000000011937
134.77500000011435
14.975000000099683
24.450000000099145
27.87500000009895
31.05000000009877
33.95000000009916
37.975000000100074
43.17500000010126
46.8750000001021
50.250000000102865
54.825000000103906
58.55000000010475
62.15000000010557
65.60000000010635
70.2250000001074
73.77500000010821
76.97500000010893
79.30000000010946
81.90000000011005
85.00000000011076
87.47500000011132
90.17500000011194
93.30000000011265
96.47500000011337
99.65000000011409
102.25000000011468
105.15000000011534
108.20000000011603
111.50000000011678
114.1750000001174
117.22500000011809
120.8250000001189
124.40000000011972
128.42500000012012
133.52500000011548
14.925000000099686
24.425000000099146
27.85000000009895
31.05000000009877
34.00000000009917
38.12500000010011
43.27500000010128
47.02500000010213
50.55000000010293
55.37500000010403
58.67500000010478
62.22500000010559
65.8000000001064
70.50000000010746
74.07500000010828
77.22500000010899
79.77500000010957
82.27500000011014
85.30000000011083
87.90000000011142
90.95000000011211
93.90000000011278
96.75000000011343
99.90000000011415
102.57500000011476
105.77500000011548
108.55000000011611
111.72500000011684
114.50000000011747
117.80000000011822
121.7000000001191
125.80000000012004
131.02500000011776
14.925000000099686
24.400000000099148
27.85000000009895
31.175000000098763
34.25000000009923
38.85000000010027
43.3750000001013
47.20000000010217
50.97500000010303
56.00000000010417
59.000000000104855
62.45000000010564
66.2500000001065
70.60000000010749
74.15000000010829
77.32500000010901
79.9250000001096
82.40000000011017
85.50000000011087
88.2750000001115
91.70000000011228
95.07500000011305
97.9250000001137
100.75000000011434
103.625000000115
107.22500000011581
110.57500000011657
113.3500000001172
116.52500000011793
120.50000000011883
124.15000000011966
128.92500000011967
15.000000000099682
24.475000000099143
27.90000000009895
31.02500000009877
33.92500000009915
37.87500000010005
43.075000000101234
46.725000000102064
50.05000000010282
54.475000000103826
58.50000000010474
62.125000000105565
65.55000000010634
70.07500000010737
73.60000000010817
76.75000000010888
79.07500000010941
81.70000000011001
84.65000000011068
87.20000000011126
90.05000000011191
93.35000000011266
96.52500000011338
99.77500000011412
102.42500000011472
105.52500000011543
108.40000000011608
111.62500000011681
114.35000000011743
117.55000000011816
121.32500000011902
125.10000000011988
129.4500000001192
135.3750000001138
14.87500000009969
24.35000000009915
27.800000000098954
31.05000000009877
33.92500000009915
37.95000000010007
43.22500000010127
46.950000000102115
50.375000000102894
55.05000000010396
58.55000000010475
62.075000000105554
65.45000000010631
69.97500000010734
73.52500000010815
78.95000000010938
81.60000000010999
84.57500000011066
87.07500000011123
89.80000000011185
93.0750000001126
96.32500000011333
99.52500000011406
102.10000000011465
105.0000000001153
108.15000000011602
111.47500000011678
114.15000000011739
117.2750000001181
120.95000000011893
124.62500000011977
129.0000000001196
136.65000000011264
14.950000000099685
24.425000000099146
27.85000000009895
31.000000000098773
34.00000000009917
38.17500000010012
43.27500000010128
47.02500000010213
50.600000000102945
55.47500000010405
58.70000000010479
62.17500000010558
65.55000000010634
69.95000000010734
73.45000000010813
78.85000000010936
81.42500000010995
84.40000000011062
86.90000000011119
89.52500000011179
92.6500000001125
95.82500000011322
98.97500000011394
101.52500000011452
104.17500000011512
107.32500000011584
110.57500000011657
113.17500000011717
115.9500000001178
119.27500000011855
122.80000000011935
126.72500000012025
131.27500000011753
137.62500000011175
14.975000000099683
24.450000000099145
27.87500000009895
31.02500000009877
34.00000000009917
38.150000000100114
43.27500000010128
47.02500000010213
50.52500000010293
55.350000000104025
58.67500000010478
62.22500000010559
65.75000000010638
70.40000000010744
73.97500000010825
77.10000000010896
79.57500000010953
82.17500000011012
85.2000000001108
87.77500000011139
90.75000000011207
93.80000000011276
96.75000000011343
99.90000000011415
102.57500000011476
105.67500000011546
108.5000000001161
111.70000000011683
114.45000000011746
117.67500000011819
121.47500000011905
125.2250000001199
129.57500000011908
135.6000000001136
14.975000000099683
24.450000000099145
27.90000000009895
31.100000000098767
34.30000000009924
39.02500000010031
43.45000000010132
47.27500000010219
51.175000000103076
56.07500000010419
59.07500000010487
62.50000000010565
66.37500000010652
70.6750000001075
74.1750000001083
77.32500000010901
79.9000000001096
82.35000000011016
85.42500000011086
88.02500000011145
91.02500000011213
94.05000000011282
96.82500000011345
99.97500000011416
102.65000000011477
105.77500000011548
108.57500000011612
111.75000000011684
114.52500000011747
117.80000000011822
121.6750000001191
125.60000000011999
130.2000000001185
137.77500000011162
14.900000000099688
24.37500000009915
27.825000000098953
31.05000000009877
33.92500000009915
37.92500000010006
43.17500000010126
46.8750000001021
50.27500000010287
54.90000000010392
58.52500000010475
62.15000000010557
65.65000000010636
70.35000000010743
73.95000000010825
77.15000000010897
79.60000000010953
82.15000000011011
85.22500000011081
87.75000000011138
90.62500000011204
93.62500000011272
96.6000000001134
99.82500000011413
102.45000000011473
105.50000000011542
108.37500000011607
111.60000000011681
114.30000000011742
117.45000000011814
121.17500000011898
125.02500000011986
129.57500000011908
137.05000000011228
14.925000000099686
24.425000000099146
27.87500000009895
31.100000000098767
34.10000000009919
38.35000000010016
43.350000000101296
47.15000000010216
50.75000000010298
55.750000000104116
58.85000000010482
62.35000000010562
66.07500000010646
70.62500000010749
74.1750000001083
77.35000000010902
79.9000000001096
82.35000000011016
85.47500000011087
88.02500000011145
90.97500000011212
93.9750000001128
96.80000000011344
100.00000000011417
102.67500000011478
105.80000000011549
108.55000000011611
111.75000000011684
114.47500000011746
117.7000000001182
121.52500000011906
125.27500000011992
129.5500000001191
135.45000000011373
14.925000000099686
24.400000000099148
27.85000000009895
31.07500000009877
33.975000000099165
38.00000000010008
43.22500000010127
46.950000000102115
50.375000000102894
55.05000000010396
58.57500000010476
62.125000000105565
65.50000000010633
70.02500000010735
73.57500000010816
79.0250000001094
81.65000000011
84.70000000011069
87.17500000011125
89.87500000011187
93.0750000001126
96.37500000011335
99.62500000011408
102.22500000011468
105.15000000011534
108.20000000011603
111.52500000011679
114.2000000001174
117.3000000001181
120.97500000011894
124.62500000011977
128.72500000011985
133.90000000011514
