18.075000000099507
37.275000000099915
52.850000000103456
67.10000000010669
79.80000000010958
94.50000000011292
108.4750000001161
122.5500000001193
136.67500000011262
18.05000000009951
37.2000000000999
52.800000000103445
67.05000000010668
79.70000000010955
94.4000000001129
108.40000000011608
122.45000000011927
136.6000000001127
18.075000000099507
37.25000000009991
52.82500000010345
67.07500000010668
79.72500000010956
94.4250000001129
108.42500000011609
122.47500000011928
136.6000000001127
18.075000000099507
37.2000000000999
52.77500000010344
67.05000000010668
79.70000000010955
94.37500000011289
108.37500000011607
122.42500000011927
136.55000000011273
18.02500000009951
37.17500000009989
52.77500000010344
67.05000000010668
79.70000000010955
94.4000000001129
108.40000000011608
122.45000000011927
136.6000000001127
18.00000000009951
37.100000000099875
52.70000000010342
66.97500000010666
79.62500000010954
94.32500000011288
108.30000000011606
122.35000000011925
136.4750000001128
18.02500000009951
37.17500000009989
52.77500000010344
67.05000000010668
79.72500000010956
94.4250000001129
108.42500000011609
122.47500000011928
136.62500000011266
18.00000000009951
37.2000000000999
52.77500000010344
67.05000000010668
79.67500000010955
94.4000000001129
108.40000000011608
122.45000000011927
136.6000000001127
17.975000000099513
37.2000000000999
52.800000000103445
67.05000000010668
79.70000000010955
94.45000000011291
108.45000000011609
122.50000000011929
136.62500000011266
17.975000000099513
37.12500000009988
52.72500000010343
67.00000000010667
79.65000000010954
94.37500000011289
108.35000000011607
122.42500000011927
136.55000000011273
18.02500000009951
37.17500000009989
52.77500000010344
67.05000000010668
79.70000000010955
94.4000000001129
108.40000000011608
122.45000000011927
136.6000000001127
18.02500000009951
37.2000000000999
52.800000000103445
67.07500000010668
79.72500000010956
94.4250000001129
108.40000000011608
122.47500000011928
136.6000000001127
18.02500000009951
37.225000000099904
52.82500000010345
67.07500000010668
79.75000000010957
94.45000000011291
108.45000000011609
122.50000000011929
136.65000000011264
17.975000000099513
37.15000000009989
52.750000000103434
67.02500000010667
79.67500000010955
94.4000000001129
108.40000000011608
122.45000000011927
136.5750000001127
18.00000000009951
37.2000000000999
52.800000000103445
67.05000000010668
79.70000000010955
94.4000000001129
108.40000000011608
122.45000000011927
136.6000000001127
18.075000000099507
37.2000000000999
52.800000000103445
67.05000000010668
79.70000000010955
94.4000000001129
108.40000000011608
122.45000000011927
136.5750000001127
18.00000000009951
37.2000000000999
52.800000000103445
67.05000000010668
79.72500000010956
94.4250000001129
108.42500000011609
122.47500000011928
136.62500000011266
17.925000000099516
37.12500000009988
52.72500000010343
67.02500000010667
79.65000000010954
94.37500000011289
108.37500000011607
122.45000000011927
136.5750000001127
18.02500000009951
37.2000000000999
52.800000000103445
67.05000000010668
79.72500000010956
94.4250000001129
108.42500000011609
122.47500000011928
136.62500000011266
18.02500000009951
37.2000000000999
52.800000000103445
67.05000000010668
79.72500000010956
94.4250000001129
108.42500000011609
122.47500000011928
136.62500000011266
18.100000000099506
37.25000000009991
52.850000000103456
67.1250000001067
79.77500000010957
94.45000000011291
108.45000000011609
122.52500000011929
136.65000000011264
18.02500000009951
37.17500000009989
52.750000000103434
67.02500000010667
79.67500000010955
94.37500000011289
108.37500000011607
122.42500000011927
136.55000000011273
18.100000000099506
37.275000000099915
52.850000000103456
67.10000000010669
79.77500000010957
94.47500000011291
108.45000000011609
122.52500000011929
136.65000000011264
17.950000000099514
37.100000000099875
52.70000000010342
66.97500000010666
79.62500000010954
94.35000000011289
108.32500000011606
122.37500000011926
136.52500000011275
18.05000000009951
37.2000000000999
52.800000000103445
67.07500000010668
79.72500000010956
94.4000000001129
108.42500000011609
122.47500000011928
136.62500000011266
18.02500000009951
37.225000000099904
52.82500000010345
67.07500000010668
79.75000000010957
94.45000000011291
108.45000000011609
122.50000000011929
136.65000000011264
17.975000000099513
37.12500000009988
52.72500000010343
67.00000000010667
79.65000000010954
94.35000000011289
108.35000000011607
122.40000000011926
136.52500000011275
18.05000000009951
37.275000000099915
52.87500000010346
67.1250000001067
79.77500000010957
94.50000000011292
108.5000000001161
122.5500000001193
136.67500000011262
17.975000000099513
37.17500000009989
52.77500000010344
67.02500000010667
79.70000000010955
94.37500000011289
108.40000000011608
122.45000000011927
136.6000000001127
17.950000000099514
37.12500000009988
52.750000000103434
67.02500000010667
79.67500000010955
94.37500000011289
108.37500000011607
122.45000000011927
136.5750000001127
18.00000000009951
37.2000000000999
52.800000000103445
67.07500000010668
79.72500000010956
94.45000000011291
108.42500000011609
122.50000000011929
136.62500000011266
18.02500000009951
37.2000000000999
52.77500000010344
67.07500000010668
79.70000000010955
94.4250000001129
108.42500000011609
122.47500000011928
136.6000000001127
18.00000000009951
37.225000000099904
52.82500000010345
67.07500000010668
79.75000000010957
94.45000000011291
108.45000000011609
122.52500000011929
136.65000000011264
18.00000000009951
37.225000000099904
52.82500000010345
67.07500000010668
79.72500000010956
94.47500000011291
108.4750000001161
122.52500000011929
136.65000000011264
17.975000000099513
37.17500000009989
52.77500000010344
67.02500000010667
79.70000000010955
94.4000000001129
108.40000000011608
122.45000000011927
136.6000000001127
17.950000000099514
37.100000000099875
52.70000000010342
66.97500000010666
79.60000000010953
94.32500000011288
108.30000000011606
122.35000000011925
136.4750000001128
18.075000000099507
37.225000000099904
52.800000000103445
67.07500000010668
79.72500000010956
94.4000000001129
108.40000000011608
122.45000000011927
136.6000000001127
17.925000000099516
37.100000000099875
52.70000000010342
67.00000000010667
79.65000000010954
94.35000000011289
108.35000000011607
122.40000000011926
136.55000000011273
18.075000000099507
37.2000000000999
52.77500000010344
67.05000000010668
79.70000000010955
94.4000000001129
108.40000000011608
122.45000000011927
136.5750000001127
17.975000000099513
37.17500000009989
52.77500000010344
67.05000000010668
79.70000000010955
94.4250000001129
108.42500000011609
122.50000000011929
136.62500000011266
17.975000000099513
37.15000000009989
52.72500000010343
66.97500000010666
79.62500000010954
94.32500000011288
108.32500000011606
122.35000000011925
136.50000000011278
17.975000000099513
37.12500000009988
52.72500000010343
67.00000000010667
79.62500000010954
94.32500000011288
108.32500000011606
122.37500000011926
136.50000000011278
17.975000000099513
37.2000000000999
52.800000000103445
67.05000000010668
79.72500000010956
94.4250000001129
108.42500000011609
122.47500000011928
136.62500000011266
18.125000000099504
37.25000000009991
52.82500000010345
67.1250000001067
79.80000000010958
94.45000000011291
108.45000000011609
122.52500000011929
136.65000000011264
18.02500000009951
37.225000000099904
52.82500000010345
67.07500000010668
79.75000000010957
94.45000000011291
108.45000000011609
122.50000000011929
136.65000000011264
17.950000000099514
37.15000000009989
52.750000000103434
67.02500000010667
79.67500000010955
94.37500000011289
108.37500000011607
122.42500000011927
136.55000000011273
18.02500000009951
37.15000000009989
52.72500000010343
67.02500000010667
79.67500000010955
94.35000000011289
108.35000000011607
122.40000000011926
136.52500000011275
17.925000000099516
37.12500000009988
52.72500000010343
66.97500000010666
79.65000000010954
94.35000000011289
108.35000000011607
122.40000000011926
136.55000000011273
18.02500000009951
37.225000000099904
52.82500000010345
67.10000000010669
79.72500000010956
94.45000000011291
108.45000000011609
122.52500000011929
136.65000000011264
17.925000000099516
37.100000000099875
52.72500000010343
67.02500000010667
79.67500000010955
94.35000000011289
108.37500000011607
122.42500000011927
136.5750000001127
18.00000000009951
37.2000000000999
52.800000000103445
67.07500000010668
79.72500000010956
94.4250000001129
108.42500000011609
122.50000000011929
136.62500000011266
17.975000000099513
37.2000000000999
52.800000000103445
67.05000000010668
79.70000000010955
94.4250000001129
108.42500000011609
122.50000000011929
136.62500000011266
18.00000000009951
37.225000000099904
52.800000000103445
67.07500000010668
79.72500000010956
94.45000000011291
108.45000000011609
122.50000000011929
136.65000000011264
18.05000000009951
37.2000000000999
52.800000000103445
67.07500000010668
79.75000000010957
94.4250000001129
108.42500000011609
122.47500000011928
136.62500000011266
18.00000000009951
37.15000000009989
52.750000000103434
67.05000000010668
79.70000000010955
94.4000000001129
108.40000000011608
122.47500000011928
136.6000000001127
17.975000000099513
37.15000000009989
52.750000000103434
67.00000000010667
79.65000000010954
94.35000000011289
108.35000000011607
122.40000000011926
136.52500000011275
18.05000000009951
37.2000000000999
52.77500000010344
67.05000000010668
79.70000000010955
94.4250000001129
108.42500000011609
122.47500000011928
136.62500000011266
18.02500000009951
37.15000000009989
52.750000000103434
67.02500000010667
79.67500000010955
94.37500000011289
108.37500000011607
122.42500000011927
136.55000000011273
18.00000000009951
37.2000000000999
52.800000000103445
67.07500000010668
79.72500000010956
94.4250000001129
108.42500000011609
122.47500000011928
136.6000000001127
17.975000000099513
37.15000000009989
52.750000000103434
67.02500000010667
79.70000000010955
94.37500000011289
108.37500000011607
122.45000000011927
136.5750000001127
17.975000000099513
37.15000000009989
52.77500000010344
67.05000000010668
79.70000000010955
94.4250000001129
108.42500000011609
122.47500000011928
136.6000000001127
18.02500000009951
37.225000000099904
52.800000000103445
67.05000000010668
79.72500000010956
94.4250000001129
108.42500000011609
122.47500000011928
136.62500000011266
18.02500000009951
37.2000000000999
52.800000000103445
67.07500000010668
79.72500000010956
94.4250000001129
108.45000000011609
122.50000000011929
136.65000000011264
18.02500000009951
37.17500000009989
52.77500000010344
67.02500000010667
79.67500000010955
94.4000000001129
108.40000000011608
122.45000000011927
136.5750000001127
18.02500000009951
37.2000000000999
52.77500000010344
67.05000000010668
79.70000000010955
94.4250000001129
108.42500000011609
122.47500000011928
136.6000000001127
18.05000000009951
37.225000000099904
52.800000000103445
67.07500000010668
79.75000000010957
94.4250000001129
108.42500000011609
122.47500000011928
136.62500000011266
18.02500000009951
37.17500000009989
52.77500000010344
67.05000000010668
79.70000000010955
94.37500000011289
108.37500000011607
122.42500000011927
136.5750000001127
18.05000000009951
37.25000000009991
52.82500000010345
67.10000000010669
79.77500000010957
94.47500000011291
108.4750000001161
122.52500000011929
136.67500000011262
18.00000000009951
37.225000000099904
52.82500000010345
67.07500000010668
79.72500000010956
94.45000000011291
108.45000000011609
122.50000000011929
136.62500000011266
17.950000000099514
37.2000000000999
52.800000000103445
67.05000000010668
79.72500000010956
94.45000000011291
108.45000000011609
122.50000000011929
136.65000000011264
18.00000000009951
37.17500000009989
52.77500000010344
67.02500000010667
79.72500000010956
94.4000000001129
108.40000000011608
122.47500000011928
136.6000000001127
17.975000000099513
37.17500000009989
52.750000000103434
67.02500000010667
79.70000000010955
94.4000000001129
108.40000000011608
122.45000000011927
136.6000000001127
18.05000000009951
37.225000000099904
52.800000000103445
67.07500000010668
79.72500000010956
94.4250000001129
108.42500000011609
122.47500000011928
136.6000000001127
18.05000000009951
37.17500000009989
52.800000000103445
67.10000000010669
79.72500000010956
94.45000000011291
108.45000000011609
122.50000000011929
136.62500000011266
18.02500000009951
37.2000000000999
52.800000000103445
67.07500000010668
79.72500000010956
94.4250000001129
108.40000000011608
122.47500000011928
136.6000000001127
17.975000000099513
37.15000000009989
52.750000000103434
67.02500000010667
79.67500000010955
94.4000000001129
108.40000000011608
122.45000000011927
136.5750000001127
17.950000000099514
37.12500000009988
52.72500000010343
67.00000000010667
79.62500000010954
94.35000000011289
108.32500000011606
122.40000000011926
136.52500000011275
18.02500000009951
37.225000000099904
52.82500000010345
67.07500000010668
79.75000000010957
94.45000000011291
108.45000000011609
122.50000000011929
136.62500000011266
18.075000000099507
37.2000000000999
52.77500000010344
67.05000000010668
79.70000000010955
94.4000000001129
108.40000000011608
122.47500000011928
136.6000000001127
18.100000000099506
37.30000000009992
52.87500000010346
67.1500000001067
79.85000000010959
94.52500000011293
108.52500000011611
122.5750000001193
136.72500000011257
18.00000000009951
37.17500000009989
52.77500000010344
67.05000000010668
79.67500000010955
94.4000000001129
108.40000000011608
122.45000000011927
136.5750000001127
18.02500000009951
37.17500000009989
52.800000000103445
67.05000000010668
79.70000000010955
94.4250000001129
108.40000000011608
122.45000000011927
136.6000000001127
18.00000000009951
37.17500000009989
52.77500000010344
67.05000000010668
79.70000000010955
94.4000000001129
108.40000000011608
122.45000000011927
136.6000000001127
18.00000000009951
37.17500000009989
52.77500000010344
67.05000000010668
79.70000000010955
94.4000000001129
108.40000000011608
122.47500000011928
136.6000000001127
18.075000000099507
37.2000000000999
52.800000000103445
67.05000000010668
79.72500000010956
94.4000000001129
108.40000000011608
122.45000000011927
136.6000000001127
17.975000000099513
37.15000000009989
52.77500000010344
67.02500000010667
79.67500000010955
94.4250000001129
108.42500000011609
122.47500000011928
136.6000000001127
18.02500000009951
37.2000000000999
52.77500000010344
67.05000000010668
79.70000000010955
94.4000000001129
108.40000000011608
122.45000000011927
136.6000000001127
17.975000000099513
37.225000000099904
52.82500000010345
67.07500000010668
79.75000000010957
94.45000000011291
108.45000000011609
122.52500000011929
136.65000000011264
18.00000000009951
37.17500000009989
52.750000000103434
67.05000000010668
79.70000000010955
94.4000000001129
108.40000000011608
122.45000000011927
136.5750000001127
17.950000000099514
37.100000000099875
52.70000000010342
66.97500000010666
79.62500000010954
94.30000000011287
108.30000000011606
122.35000000011925
136.4750000001128
18.00000000009951
37.17500000009989
52.77500000010344
67.05000000010668
79.70000000010955
94.37500000011289
108.37500000011607
122.42500000011927
136.5750000001127
18.05000000009951
37.25000000009991
52.82500000010345
67.10000000010669
79.75000000010957
94.45000000011291
108.45000000011609
122.50000000011929
136.62500000011266
18.05000000009951
37.2000000000999
52.77500000010344
67.02500000010667
79.67500000010955
94.37500000011289
108.37500000011607
122.42500000011927
136.55000000011273
18.075000000099507
37.2000000000999
52.800000000103445
67.07500000010668
79.72500000010956
94.4000000001129
108.40000000011608
122.47500000011928
136.6000000001127
18.05000000009951
37.2000000000999
52.800000000103445
67.07500000010668
79.72500000010956
94.4250000001129
108.42500000011609
122.47500000011928
136.62500000011266
17.975000000099513
37.15000000009989
52.77500000010344
67.05000000010668
79.72500000010956
94.4250000001129
108.42500000011609
122.47500000011928
136.62500000011266
18.02500000009951
37.2000000000999
52.800000000103445
67.07500000010668
79.72500000010956
94.4250000001129
108.42500000011609
122.50000000011929
136.62500000011266
18.075000000099507
37.25000000009991
52.82500000010345
67.10000000010669
79.75000000010957
94.47500000011291
108.4750000001161
122.52500000011929
136.67500000011262
18.05000000009951
37.17500000009989
52.77500000010344
67.05000000010668
79.70000000010955
94.4000000001129
108.37500000011607
122.45000000011927
136.5750000001127
17.975000000099513
37.12500000009988
52.750000000103434
67.02500000010667
79.70000000010955
94.4000000001129
108.40000000011608
122.45000000011927
136.5750000001127
