8.125000000100073
20.950000000099344
37.100000000099875
40.65000000010068
52.050000000103275
75.85000000010868
78.37500000010925
90.40000000011199
102.3250000001147
115.20000000011763
118.82500000011845
125.67500000012001
128.50000000012005
132.80000000011614
135.35000000011382
137.92500000011148
141.5250000001082
146.42500000010375
8.125000000100073
20.82500000009935
37.2000000000999
40.67500000010069
51.85000000010323
75.80000000010867
78.27500000010923
90.30000000011196
102.17500000011466
115.12500000011761
118.42500000011836
124.20000000011967
126.77500000012026
130.07500000011862
133.2750000001157
135.8000000001134
138.5500000001109
142.5250000001073
147.62500000010266
8.025000000100079
20.925000000099345
37.15000000009989
40.750000000100705
52.02500000010327
75.80000000010867
78.32500000010924
90.37500000011198
102.25000000011468
115.0750000001176
118.47500000011837
124.57500000011976
127.17500000012035
130.80000000011796
133.55000000011546
136.07500000011316
139.07500000011044
143.47500000010643
149.0250000001014
8.075000000100076
20.950000000099344
37.100000000099875
40.525000000100654
51.95000000010325
75.85000000010868
78.35000000010925
90.37500000011198
102.27500000011469
115.15000000011761
118.45000000011837
124.42500000011972
126.9750000001203
130.3250000001184
133.42500000011557
135.90000000011332
138.60000000011087
142.55000000010727
147.82500000010248
8.100000000100074
20.800000000099352
37.17500000009989
40.45000000010064
51.82500000010322
75.75000000010866
78.22500000010922
90.32500000011197
102.25000000011468
115.15000000011761
118.5750000001184
124.20000000011967
126.80000000012026
130.02500000011867
133.22500000011576
135.72500000011348
138.3500000001111
141.92500000010784
146.4750000001037
8.100000000100074
20.800000000099352
36.875000000099824
40.000000000100535
51.82500000010322
75.82500000010867
78.30000000010924
90.30000000011196
102.3250000001147
115.15000000011761
118.47500000011837
124.3500000001197
126.87500000012028
130.15000000011855
133.2750000001157
135.77500000011344
138.47500000011098
142.3000000001075
147.17500000010307
8.075000000100076
20.875000000099348
36.97500000009985
40.175000000100574
51.925000000103246
75.85000000010868
78.32500000010924
90.40000000011199
102.27500000011469
115.17500000011762
118.55000000011839
124.57500000011976
127.10000000012033
130.5500000001182
133.47500000011553
135.97500000011325
138.7750000001107
142.80000000010705
147.9000000001024
8.17500000010007
20.950000000099344
37.40000000009994
42.80000000010117
52.12500000010329
75.80000000010867
78.30000000010924
90.37500000011198
102.20000000011467
115.12500000011761
118.52500000011838
124.37500000011971
126.92500000012029
130.3250000001184
133.35000000011564
135.8250000001134
138.65000000011082
142.67500000010716
147.77500000010252
8.075000000100076
20.975000000099342
37.47500000009996
41.625000000100904
52.050000000103275
75.87500000010868
78.37500000010925
90.425000000112
102.22500000011468
115.15000000011761
118.40000000011835
124.57500000011976
127.10000000012033
130.60000000011814
133.55000000011546
136.00000000011323
138.7750000001107
142.9500000001069
148.55000000010182
8.075000000100076
20.82500000009935
37.15000000009989
40.525000000100654
51.90000000010324
75.77500000010866
78.25000000010922
90.32500000011197
102.3000000001147
109.30000000011628
114.95000000011757
118.02500000011827
123.07500000011942
126.40000000012017
129.60000000011905
133.15000000011582
135.62500000011357
138.2250000001112
141.90000000010787
146.7000000001035
8.050000000100077
20.900000000099347
37.15000000009989
40.750000000100705
52.00000000010326
75.90000000010869
78.42500000010926
90.425000000112
102.3250000001147
115.17500000011762
118.6000000001184
125.67500000012001
128.47500000012008
132.82500000011612
135.3750000001138
138.0250000001114
141.8750000001079
147.07500000010316
8.00000000010008
20.900000000099347
37.15000000009989
40.67500000010069
52.07500000010328
75.85000000010868
78.32500000010924
90.425000000112
102.25000000011468
115.25000000011764
118.85000000011846
125.85000000012005
128.72500000011985
132.950000000116
135.52500000011366
138.17500000011125
142.02500000010775
147.07500000010316
8.17500000010007
20.875000000099348
37.12500000009988
40.32500000010061
51.90000000010324
75.85000000010868
78.32500000010924
90.40000000011199
102.40000000011472
115.20000000011763
118.50000000011838
123.82500000011959
126.65000000012023
129.85000000011883
133.20000000011578
135.77500000011344
138.40000000011105
142.00000000010778
146.5750000001036
8.075000000100076
20.625000000099362
36.875000000099824
39.8500000001005
51.80000000010322
75.87500000010868
78.32500000010924
90.35000000011198
102.27500000011469
115.20000000011763
118.55000000011839
124.90000000011983
127.4000000001204
130.9750000001178
133.57500000011544
135.97500000011325
138.82500000011066
143.05000000010682
148.42500000010193
8.025000000100079
20.67500000009936
37.100000000099875
40.225000000100586
51.82500000010322
75.90000000010869
78.35000000010925
90.40000000011199
102.3250000001147
115.20000000011763
118.42500000011836
124.07500000011964
126.75000000012025
129.95000000011873
133.35000000011564
135.87500000011335
138.47500000011098
142.17500000010762
147.07500000010316
8.125000000100073
20.775000000099354
36.90000000009983
40.000000000100535
51.875000000103235
75.80000000010867
78.27500000010923
90.35000000011198
102.22500000011468
115.17500000011762
118.65000000011841
125.05000000011987
127.62500000012045
131.35000000011746
133.9500000001151
136.3500000001129
139.25000000011028
143.5250000001064
148.92500000010148
8.200000000100069
20.875000000099348
36.925000000099836
40.050000000100546
51.90000000010324
75.80000000010867
78.25000000010922
90.32500000011197
102.27500000011469
115.12500000011761
118.40000000011835
123.82500000011959
126.60000000012022
129.72500000011894
133.10000000011587
135.6000000001136
138.2250000001112
141.92500000010784
146.77500000010343
8.050000000100077
21.00000000009934
37.225000000099904
41.02500000010077
52.100000000103286
75.87500000010868
78.40000000010926
90.425000000112
102.3250000001147
115.17500000011762
118.52500000011838
124.45000000011973
127.00000000012031
130.4250000001183
133.45000000011555
135.95000000011328
138.80000000011069
142.90000000010696
148.05000000010227
8.150000000100071
20.800000000099352
37.17500000009989
40.400000000100626
51.82500000010322
75.85000000010868
78.30000000010924
90.35000000011198
102.22500000011468
115.20000000011763
118.50000000011838
124.07500000011964
126.72500000012025
129.8750000001188
133.2750000001157
135.77500000011344
138.30000000011114
141.82500000010793
146.4750000001037
8.100000000100074
20.875000000099348
37.32500000009993
40.77500000010071
51.95000000010325
75.90000000010869
78.37500000010925
90.425000000112
102.3000000001147
115.22500000011763
118.6000000001184
124.40000000011972
126.9500000001203
130.25000000011846
133.35000000011564
135.87500000011335
138.80000000011069
142.90000000010696
147.97500000010234
8.150000000100071
20.85000000009935
37.70000000010001
51.90000000010324
75.77500000010866
78.25000000010922
90.35000000011198
102.20000000011467
115.17500000011762
118.67500000011842
124.82500000011981
127.3750000001204
130.9750000001178
133.65000000011537
136.10000000011314
138.87500000011062
142.90000000010696
148.05000000010227
8.150000000100071
20.800000000099352
37.07500000009987
40.32500000010061
51.85000000010323
75.77500000010866
78.22500000010922
90.35000000011198
102.27500000011469
115.15000000011761
118.42500000011836
123.82500000011959
126.62500000012022
129.7750000001189
133.15000000011582
135.62500000011357
138.2250000001112
141.80000000010796
146.40000000010377
8.150000000100071
20.925000000099345
37.17500000009989
40.37500000010062
52.00000000010326
75.97500000010871
78.42500000010926
90.50000000011201
102.42500000011472
109.40000000011631
115.20000000011763
118.32500000011834
123.37500000011948
126.60000000012022
129.72500000011894
133.35000000011564
135.8250000001134
138.42500000011103
142.02500000010775
146.62500000010357
8.300000000100063
20.925000000099345
37.2000000000999
40.65000000010068
52.00000000010326
75.85000000010868
78.32500000010924
90.40000000011199
102.3500000001147
115.15000000011761
118.47500000011837
123.8750000001196
126.65000000012023
129.85000000011883
133.2750000001157
135.77500000011344
138.42500000011103
142.12500000010766
146.8250000001034
8.100000000100074
21.00000000009934
37.30000000009992
40.875000000100734
52.100000000103286
75.87500000010868
78.37500000010925
90.450000000112
102.3000000001147
115.22500000011763
118.6250000001184
124.37500000011971
126.9500000001203
130.25000000011846
133.42500000011557
135.90000000011332
138.5500000001109
142.35000000010746
147.22500000010302
8.250000000100066
20.950000000099344
37.050000000099864
40.15000000010057
52.00000000010326
75.9500000001087
78.40000000010926
90.450000000112
102.40000000011472
115.35000000011766
118.87500000011846
125.2250000001199
127.75000000012048
131.35000000011746
133.92500000011512
136.30000000011296
139.05000000011046
143.05000000010682
148.15000000010218
8.025000000100079
20.82500000009935
37.225000000099904
40.85000000010073
51.875000000103235
75.75000000010866
78.22500000010922
90.35000000011198
102.17500000011466
115.0750000001176
118.37500000011835
123.8750000001196
126.60000000012022
129.80000000011887
133.1750000001158
135.67500000011353
138.32500000011112
142.00000000010778
146.7000000001035
8.150000000100071
20.82500000009935
36.90000000009983
40.000000000100535
51.875000000103235
75.87500000010868
78.35000000010925
90.37500000011198
102.42500000011472
115.22500000011763
118.67500000011842
125.65000000012
128.40000000012014
132.7500000001162
135.2750000001139
137.75000000011164
141.25000000010846
146.40000000010377
8.100000000100074
20.85000000009935
37.25000000009991
40.77500000010071
51.90000000010324
75.82500000010867
78.32500000010924
90.35000000011198
102.22500000011468
108.87500000011619
115.05000000011759
118.20000000011831
123.37500000011948
126.5000000001202
129.70000000011896
133.3000000001157
135.77500000011344
138.40000000011105
142.15000000010764
147.07500000010316
8.150000000100071
20.900000000099347
37.17500000009989
40.50000000010065
52.00000000010326
75.87500000010868
78.37500000010925
90.425000000112
102.3250000001147
115.17500000011762
118.45000000011837
124.12500000011966
126.77500000012026
130.05000000011864
133.32500000011566
135.85000000011337
138.50000000011096
142.32500000010748
147.32500000010293
8.100000000100074
20.925000000099345
37.15000000009989
40.700000000100694
52.050000000103275
75.82500000010867
78.30000000010924
90.37500000011198
102.27500000011469
115.12500000011761
118.45000000011837
124.25000000011968
126.82500000012027
130.15000000011855
133.37500000011562
135.8000000001134
138.450000000111
142.2000000001076
147.05000000010318
8.150000000100071
20.85000000009935
37.07500000009987
40.350000000100614
51.925000000103246
75.87500000010868
78.35000000010925
90.37500000011198
102.25000000011468
115.25000000011764
118.92500000011847
125.97500000012008
128.92500000011967
133.05000000011592
135.6000000001136
138.17500000011125
141.90000000010787
146.97500000010325
8.075000000100076
20.775000000099354
36.925000000099836
40.12500000010056
51.925000000103246
75.80000000010867
78.25000000010922
90.35000000011198
102.3250000001147
115.12500000011761
118.42500000011836
124.45000000011973
126.9750000001203
130.3250000001184
133.4000000001156
135.85000000011337
138.5500000001109
142.45000000010737
147.65000000010264
8.17500000010007
20.925000000099345
37.25000000009991
40.77500000010071
51.925000000103246
75.80000000010867
78.27500000010923
90.35000000011198
102.22500000011468
115.15000000011761
118.45000000011837
123.70000000011956
126.57500000012021
129.72500000011894
133.1750000001158
135.65000000011355
138.20000000011123
141.72500000010803
146.20000000010396
8.050000000100077
20.875000000099348
37.07500000009987
40.32500000010061
51.85000000010323
75.82500000010867
78.30000000010924
90.35000000011198
102.3000000001147
115.15000000011761
118.50000000011838
124.22500000011968
126.82500000012027
130.12500000011858
133.35000000011564
135.8250000001134
138.47500000011098
142.2000000001076
147.00000000010323
8.050000000100077
21.02500000009934
37.17500000009989
40.65000000010068
52.07500000010328
75.87500000010868
78.37500000010925
90.475000000112
102.3000000001147
115.15000000011761
118.35000000011834
123.60000000011954
126.60000000012022
129.8750000001188
133.22500000011576
135.77500000011344
138.50000000011096
142.35000000010746
147.22500000010302
8.025000000100079
20.85000000009935
37.15000000009989
40.50000000010065
51.875000000103235
75.80000000010867
78.25000000010922
90.35000000011198
102.3500000001147
115.22500000011763
118.75000000011843
124.85000000011982
127.3750000001204
130.82500000011794
133.6250000001154
136.00000000011323
138.72500000011075
142.57500000010725
147.42500000010284
8.150000000100071
20.900000000099347
37.07500000009987
40.32500000010061
51.97500000010326
75.85000000010868
78.30000000010924
90.37500000011198
101.95000000011461
115.1000000001176
118.25000000011832
123.47500000011951
126.5250000001202
129.72500000011894
133.15000000011582
135.7000000001135
138.40000000011105
142.27500000010753
147.20000000010305
8.200000000100069
20.85000000009935
37.2000000000999
40.525000000100654
51.925000000103246
75.85000000010868
78.32500000010924
90.40000000011199
102.3250000001147
115.17500000011762
118.40000000011835
123.72500000011956
126.62500000012022
129.7750000001189
133.25000000011573
135.8000000001134
138.40000000011105
142.0750000001077
146.85000000010336
8.100000000100074
20.900000000099347
37.40000000009994
41.02500000010077
52.00000000010326
75.85000000010868
78.32500000010924
90.425000000112
102.3250000001147
115.20000000011763
118.5750000001184
124.3500000001197
126.92500000012029
130.30000000011842
133.4000000001156
135.90000000011332
138.6750000001108
142.67500000010716
147.75000000010255
8.325000000100061
20.85000000009935
37.12500000009988
40.55000000010066
51.925000000103246
75.82500000010867
78.32500000010924
90.425000000112
102.17500000011466
115.17500000011762
118.6250000001184
125.10000000011988
127.67500000012046
131.5250000001173
134.00000000011505
136.3750000001129
139.37500000011016
143.80000000010614
149.37500000010107
8.025000000100079
21.100000000099335
37.500000000099966
42.40000000010108
52.25000000010332
75.9500000001087
78.42500000010926
90.55000000011202
102.37500000011471
115.27500000011764
118.70000000011842
124.40000000011972
126.9750000001203
130.30000000011842
133.42500000011557
135.9250000001133
138.62500000011084
142.45000000010737
147.32500000010293
8.050000000100077
21.050000000099338
37.275000000099915
40.82500000010072
52.1500000001033
75.87500000010868
78.37500000010925
90.475000000112
102.3250000001147
115.27500000011764
118.87500000011846
125.47500000011996
128.20000000012033
132.32500000011657
134.9500000001142
137.42500000011194
140.7500000001089
145.45000000010464
8.025000000100079
20.875000000099348
36.875000000099824
39.97500000010053
51.925000000103246
75.82500000010867
78.27500000010923
90.37500000011198
102.27500000011469
115.20000000011763
118.55000000011839
124.20000000011967
126.80000000012026
130.02500000011867
133.2750000001157
135.77500000011344
138.450000000111
142.27500000010753
147.17500000010307
8.17500000010007
20.875000000099348
37.37500000009994
41.07500000010078
51.82500000010322
75.82500000010867
78.27500000010923
90.35000000011198
102.27500000011469
115.17500000011762
118.5750000001184
124.07500000011964
126.72500000012025
129.92500000011876
133.2750000001157
135.77500000011344
138.37500000011107
141.9750000001078
146.65000000010355
8.050000000100077
21.00000000009934
37.225000000099904
40.7250000001007
51.95000000010325
75.9250000001087
78.42500000010926
90.425000000112
102.37500000011471
115.32500000011765
118.95000000011848
125.57500000011999
128.3500000001202
132.60000000011632
135.17500000011398
137.60000000011178
140.90000000010878
145.45000000010464
8.150000000100071
20.82500000009935
37.00000000009985
40.12500000010056
51.85000000010323
75.82500000010867
78.30000000010924
90.35000000011198
102.27500000011469
115.20000000011763
118.55000000011839
124.25000000011968
126.82500000012027
130.1000000001186
133.3000000001157
135.8000000001134
138.450000000111
142.22500000010757
147.10000000010314
8.125000000100073
20.925000000099345
37.07500000009987
40.32500000010061
52.00000000010326
75.90000000010869
78.40000000010926
90.425000000112
102.37500000011471
115.32500000011765
119.15000000011852
126.12500000012011
129.20000000011942
133.20000000011578
135.72500000011348
138.3500000001111
142.15000000010764
147.250000000103
7.97500000010008
20.975000000099342
37.12500000009988
40.62500000010068
52.050000000103275
75.82500000010867
78.32500000010924
90.40000000011199
102.15000000011466
115.20000000011763
118.67500000011842
124.45000000011973
127.00000000012031
130.37500000011835
133.35000000011564
135.90000000011332
138.62500000011084
142.50000000010732
147.52500000010275
8.025000000100079
20.950000000099344
37.42500000009995
41.500000000100876
52.02500000010327
75.87500000010868
78.40000000010926
90.40000000011199
102.3500000001147
115.20000000011763
118.67500000011842
125.25000000011991
127.92500000012052
132.05000000011682
134.65000000011446
137.05000000011228
140.17500000010943
144.75000000010527
8.200000000100069
20.900000000099347
37.225000000099904
40.67500000010069
51.925000000103246
75.82500000010867
78.30000000010924
90.35000000011198
102.3250000001147
115.15000000011761
118.45000000011837
124.12500000011966
126.75000000012025
129.9750000001187
133.22500000011576
135.7000000001135
138.37500000011107
142.2000000001076
147.22500000010302
8.100000000100074
20.950000000099344
37.225000000099904
40.575000000100665
51.95000000010325
75.85000000010868
78.32500000010924
90.37500000011198
102.37500000011471
115.20000000011763
118.5750000001184
124.3250000001197
126.90000000012029
130.17500000011853
133.37500000011562
135.85000000011337
138.40000000011105
141.9750000001078
146.67500000010352
8.225000000100067
20.950000000099344
37.37500000009994
41.47500000010087
52.02500000010327
75.85000000010868
78.35000000010925
90.40000000011199
102.22500000011468
115.17500000011762
118.6250000001184
124.45000000011973
127.00000000012031
130.40000000011833
133.37500000011562
135.8250000001134
138.52500000011094
142.3000000001075
147.05000000010318
8.200000000100069
20.950000000099344
37.100000000099875
40.3000000001006
51.95000000010325
75.90000000010869
78.37500000010925
90.37500000011198
102.25000000011468
115.17500000011762
118.35000000011834
123.4500000001195
126.5500000001202
129.67500000011898
133.2750000001157
135.72500000011348
138.20000000011123
141.67500000010807
146.2750000001039
8.100000000100074
20.800000000099352
36.90000000009983
39.90000000010051
51.875000000103235
75.82500000010867
78.27500000010923
90.35000000011198
102.50000000011474
115.22500000011763
118.6000000001184
124.10000000011965
126.75000000012025
129.90000000011878
133.25000000011573
135.77500000011344
138.37500000011107
141.92500000010784
146.45000000010373
8.00000000010008
20.875000000099348
37.35000000009993
40.80000000010072
52.00000000010326
75.85000000010868
78.30000000010924
90.40000000011199
102.27500000011469
115.17500000011762
118.47500000011837
124.10000000011965
126.77500000012026
130.02500000011867
133.32500000011566
135.85000000011337
138.450000000111
142.0750000001077
146.85000000010336
8.00000000010008
21.00000000009934
37.57500000009998
52.1500000001033
75.85000000010868
78.35000000010925
90.450000000112
102.40000000011472
115.22500000011763
118.77500000011844
124.57500000011976
127.12500000012034
130.57500000011817
133.5000000001155
136.00000000011323
138.7750000001107
142.67500000010716
147.50000000010277
8.200000000100069
20.82500000009935
37.32500000009993
40.60000000010067
51.90000000010324
75.82500000010867
78.27500000010923
90.37500000011198
102.3000000001147
115.22500000011763
118.6000000001184
124.3250000001197
126.90000000012029
130.12500000011858
133.25000000011573
135.75000000011346
138.37500000011107
142.10000000010768
146.97500000010325
8.00000000010008
21.02500000009934
37.47500000009996
41.25000000010082
52.100000000103286
75.87500000010868
78.37500000010925
90.450000000112
102.27500000011469
115.25000000011764
118.72500000011843
124.40000000011972
127.00000000012031
130.3250000001184
133.47500000011553
135.97500000011325
138.72500000011075
142.67500000010716
147.6750000001026
8.075000000100076
21.02500000009934
37.32500000009993
40.975000000100756
52.100000000103286
75.87500000010868
78.37500000010925
90.450000000112
102.52500000011474
115.22500000011763
118.6250000001184
124.47500000011973
127.00000000012031
130.35000000011837
133.37500000011562
135.87500000011335
138.6750000001108
142.65000000010718
147.7000000001026
7.97500000010008
20.925000000099345
37.30000000009992
40.67500000010069
51.97500000010326
75.85000000010868
78.30000000010924
90.40000000011199
102.3000000001147
110.40000000011653
115.15000000011761
118.30000000011833
123.20000000011945
126.47500000012019
129.60000000011905
133.20000000011578
135.7000000001135
138.27500000011116
141.77500000010798
146.3750000001038
8.100000000100074
20.925000000099345
36.90000000009983
40.07500000010055
52.050000000103275
75.82500000010867
78.30000000010924
90.40000000011199
102.55000000011475
115.27500000011764
119.10000000011851
126.0750000001201
129.05000000011955
133.02500000011594
135.57500000011362
138.30000000011114
142.3000000001075
147.55000000010273
8.150000000100071
21.00000000009934
37.30000000009992
41.6000000001009
52.225000000103314
75.85000000010868
78.35000000010925
90.425000000112
102.3250000001147
115.17500000011762
118.65000000011841
124.45000000011973
127.02500000012031
130.4250000001183
133.37500000011562
135.90000000011332
138.92500000011057
143.0750000001068
148.1250000001022
8.300000000100063
20.82500000009935
37.17500000009989
40.50000000010065
51.875000000103235
75.77500000010866
78.22500000010922
90.32500000011197
102.3000000001147
115.1000000001176
118.27500000011833
123.27500000011946
126.45000000012018
129.5500000001191
133.12500000011585
135.6000000001136
138.15000000011128
141.70000000010805
146.2750000001039
8.225000000100067
20.900000000099347
37.00000000009985
40.15000000010057
51.925000000103246
75.87500000010868
78.35000000010925
90.40000000011199
102.40000000011472
115.22500000011763
118.72500000011843
124.97500000011985
127.50000000012042
131.0750000001177
133.8250000001152
136.27500000011298
139.0000000001105
142.90000000010696
147.87500000010243
8.150000000100071
20.85000000009935
36.90000000009983
40.000000000100535
51.875000000103235
75.77500000010866
78.22500000010922
90.35000000011198
102.20000000011467
115.25000000011764
118.85000000011846
125.82500000012004
128.6750000001199
132.87500000011607
135.3750000001138
137.87500000011153
141.4250000001083
146.17500000010398
8.050000000100077
20.900000000099347
37.00000000009985
40.225000000100586
51.90000000010324
75.85000000010868
78.32500000010924
90.37500000011198
102.27500000011469
115.20000000011763
118.52500000011838
123.85000000011959
126.62500000012022
129.82500000011885
133.22500000011576
135.7000000001135
138.30000000011114
141.90000000010787
146.55000000010364
8.075000000100076
20.950000000099344
37.42500000009995
41.02500000010077
51.95000000010325
75.87500000010868
78.35000000010925
90.37500000011198
102.27500000011469
115.15000000011761
118.42500000011836
123.97500000011962
126.70000000012024
130.0000000001187
133.37500000011562
135.87500000011335
138.47500000011098
142.12500000010766
146.8250000001034
8.150000000100071
20.875000000099348
36.925000000099836
40.07500000010055
51.875000000103235
75.77500000010866
78.22500000010922
90.32500000011197
102.25000000011468
115.05000000011759
118.20000000011831
123.10000000011942
126.40000000012017
129.5500000001191
133.15000000011582
135.7000000001135
138.3500000001111
142.12500000010766
147.0250000001032
8.150000000100071
20.900000000099347
37.02500000009986
40.225000000100586
51.925000000103246
75.85000000010868
78.32500000010924
90.37500000011198
102.3000000001147
115.12500000011761
118.40000000011835
124.07500000011964
126.75000000012025
130.0000000001187
133.35000000011564
135.8000000001134
138.37500000011107
142.02500000010775
146.9250000001033
8.250000000100066
20.950000000099344
36.95000000009984
40.07500000010055
51.925000000103246
75.90000000010869
78.37500000010925
90.40000000011199
102.37500000011471
115.1000000001176
118.1750000001183
123.15000000011943
126.47500000012019
129.62500000011903
133.25000000011573
135.7000000001135
138.27500000011116
141.90000000010787
146.7000000001035
8.17500000010007
20.975000000099342
37.37500000009994
40.875000000100734
51.95000000010325
75.87500000010868
78.35000000010925
90.40000000011199
102.37500000011471
115.25000000011764
118.6250000001184
124.20000000011967
126.82500000012027
130.07500000011862
133.22500000011576
135.8000000001134
138.60000000011087
142.47500000010734
147.22500000010302
8.17500000010007
20.82500000009935
37.02500000009986
40.225000000100586
51.90000000010324
75.80000000010867
78.27500000010923
90.35000000011198
102.27500000011469
115.15000000011761
118.42500000011836
124.10000000011965
126.77500000012026
130.05000000011864
133.32500000011566
135.8250000001134
138.50000000011096
142.4000000001074
147.52500000010275
8.075000000100076
20.900000000099347
37.100000000099875
40.350000000100614
52.00000000010326
75.90000000010869
78.40000000010926
90.425000000112
102.20000000011467
115.20000000011763
118.55000000011839
124.3250000001197
126.92500000012029
130.27500000011844
133.4000000001156
135.87500000011335
138.65000000011082
142.67500000010716
147.82500000010248
8.225000000100067
20.900000000099347
37.275000000099915
40.925000000100745
51.97500000010326
75.85000000010868
78.35000000010925
90.40000000011199
102.27500000011469
115.25000000011764
118.85000000011846
126.12500000012011
129.17500000011944
133.1750000001158
135.62500000011357
138.2250000001112
142.02500000010775
147.22500000010302
8.125000000100073
20.85000000009935
37.00000000009985
40.15000000010057
51.85000000010323
75.82500000010867
78.30000000010924
90.35000000011198
102.3250000001147
115.1000000001176
118.27500000011833
123.37500000011948
126.5000000001202
129.67500000011898
133.1750000001158
135.67500000011353
138.25000000011119
141.72500000010803
146.20000000010396
8.17500000010007
20.950000000099344
37.15000000009989
40.42500000010063
52.02500000010327
75.90000000010869
78.40000000010926
90.450000000112
102.3500000001147
115.30000000011765
118.85000000011846
125.07500000011987
127.65000000012046
131.32500000011748
133.92500000011512
136.3750000001129
139.15000000011037
143.22500000010666
148.42500000010193
8.17500000010007
20.85000000009935
36.925000000099836
40.07500000010055
51.875000000103235
75.77500000010866
78.25000000010922
90.32500000011197
102.22500000011468
115.1000000001176
118.27500000011833
123.22500000011945
126.45000000012018
129.60000000011905
133.15000000011582
135.67500000011353
138.30000000011114
141.95000000010782
146.55000000010364
8.250000000100066
20.900000000099347
36.90000000009983
40.12500000010056
51.97500000010326
75.77500000010866
78.27500000010923
90.32500000011197
102.27500000011469
110.10000000011647
115.0750000001176
118.27500000011833
123.35000000011948
126.47500000012019
129.70000000011896
133.2750000001157
135.75000000011346
138.3500000001111
141.92500000010784
146.50000000010368
8.025000000100079
20.900000000099347
37.07500000009987
40.37500000010062
51.97500000010326
75.87500000010868
78.37500000010925
90.40000000011199
102.27500000011469
115.20000000011763
118.5750000001184
125.15000000011989
127.77500000012049
131.72500000011712
134.22500000011485
136.65000000011264
139.7750000001098
144.32500000010566
8.225000000100067
20.85000000009935
37.15000000009989
40.47500000010064
51.85000000010323
75.75000000010866
78.22500000010922
90.27500000011196
102.12500000011465
115.0750000001176
118.42500000011836
124.22500000011968
126.80000000012026
130.1000000001186
133.3000000001157
135.8000000001134
138.50000000011096
142.3000000001075
147.22500000010302
8.150000000100071
20.85000000009935
37.225000000099904
40.67500000010069
51.85000000010323
75.82500000010867
78.27500000010923
90.32500000011197
102.3000000001147
115.17500000011762
118.5750000001184
124.25000000011968
126.82500000012027
130.07500000011862
133.25000000011573
135.8000000001134
138.50000000011096
142.22500000010757
146.87500000010334
8.150000000100071
20.875000000099348
37.275000000099915
40.80000000010072
52.050000000103275
75.82500000010867
78.30000000010924
90.425000000112
102.17500000011466
115.1000000001176
118.27500000011833
123.52500000011952
126.5250000001202
129.72500000011894
133.20000000011578
135.72500000011348
138.40000000011105
142.17500000010762
147.0250000001032
8.225000000100067
21.02500000009934
37.40000000009994
41.57500000010089
52.12500000010329
75.82500000010867
78.32500000010924
90.425000000112
102.3500000001147
115.17500000011762
118.5750000001184
124.3000000001197
126.90000000012029
130.27500000011844
133.4000000001156
135.87500000011335
138.6750000001108
142.65000000010718
147.62500000010266
8.17500000010007
20.925000000099345
37.02500000009986
40.15000000010057
51.95000000010325
75.87500000010868
78.32500000010924
90.40000000011199
102.45000000011473
115.17500000011762
118.45000000011837
123.80000000011958
126.62500000012022
129.80000000011887
133.3000000001157
135.8000000001134
138.3500000001111
141.8750000001079
146.4750000001037
8.100000000100074
20.950000000099344
37.050000000099864
40.47500000010064
51.925000000103246
75.82500000010867
78.32500000010924
90.35000000011198
102.3500000001147
115.20000000011763
118.67500000011842
124.65000000011977
127.15000000012034
130.5500000001182
133.42500000011557
135.85000000011337
138.62500000011084
142.55000000010727
147.50000000010277
8.00000000010008
20.750000000099355
37.25000000009991
40.7250000001007
51.82500000010322
75.77500000010866
78.22500000010922
90.30000000011196
102.17500000011466
115.12500000011761
118.55000000011839
125.02500000011986
127.57500000012044
131.27500000011753
133.87500000011516
136.22500000011303
138.87500000011062
142.72500000010712
147.75000000010255
8.17500000010007
20.82500000009935
36.82500000009981
39.8500000001005
51.85000000010323
75.80000000010867
78.25000000010922
90.32500000011197
102.22500000011468
115.17500000011762
118.5750000001184
124.82500000011981
127.32500000012038
130.80000000011796
133.52500000011548
135.97500000011325
138.70000000011078
142.65000000010718
147.7000000001026
8.075000000100076
20.800000000099352
37.225000000099904
40.47500000010064
51.80000000010322
75.85000000010868
78.30000000010924
90.32500000011197
102.27500000011469
115.17500000011762
118.50000000011838
123.95000000011962
126.65000000012023
129.82500000011885
133.20000000011578
135.75000000011346
138.37500000011107
142.0750000001077
146.85000000010336
8.250000000100066
20.950000000099344
37.500000000099966
41.87500000010096
51.97500000010326
75.85000000010868
78.35000000010925
90.37500000011198
102.3250000001147
115.27500000011764
118.95000000011848
125.90000000012006
128.80000000011978
132.950000000116
135.52500000011366
138.1250000001113
141.8500000001079
146.87500000010334
8.150000000100071
20.800000000099352
37.07500000009987
40.225000000100586
51.85000000010323
75.77500000010866
78.22500000010922
90.32500000011197
102.22500000011468
115.05000000011759
118.12500000011829
122.82500000011936
126.40000000012017
129.47500000011917
133.0750000001159
135.62500000011357
138.37500000011107
142.15000000010764
146.8000000001034
8.100000000100074
20.975000000099342
37.57500000009998
52.1500000001033
75.85000000010868
78.37500000010925
90.450000000112
102.45000000011473
115.27500000011764
118.95000000011848
125.90000000012006
128.85000000011973
133.02500000011594
135.57500000011362
138.1250000001113
141.750000000108
146.7000000001035
8.225000000100067
20.85000000009935
37.15000000009989
40.45000000010064
51.90000000010324
75.77500000010866
78.25000000010922
90.32500000011197
102.25000000011468
115.15000000011761
118.47500000011837
123.9000000001196
126.62500000012022
129.80000000011887
133.1750000001158
135.7000000001135
138.30000000011114
141.92500000010784
146.52500000010366
8.225000000100067
20.900000000099347
37.02500000009986
40.350000000100614
51.95000000010325
75.85000000010868
78.35000000010925
90.425000000112
102.47500000011473
115.27500000011764
119.00000000011849
126.0500000001201
129.12500000011948
133.0750000001159
135.62500000011357
138.3500000001111
142.3000000001075
147.4750000001028
8.100000000100074
20.975000000099342
37.275000000099915
40.7250000001007
52.00000000010326
75.82500000010867
78.30000000010924
90.40000000011199
102.3000000001147
115.22500000011763
118.55000000011839
123.9000000001196
126.67500000012024
129.82500000011885
133.22500000011576
135.72500000011348
138.30000000011114
141.8500000001079
146.40000000010377
8.125000000100073
20.900000000099347
37.07500000009987
40.3000000001006
51.97500000010326
75.90000000010869
78.37500000010925
90.425000000112
102.40000000011472
115.27500000011764
118.77500000011844
125.2250000001199
127.8500000001205
131.70000000011714
134.22500000011485
136.6000000001127
139.47500000011007
143.7250000001062
149.07500000010134
8.025000000100079
20.950000000099344
37.100000000099875
40.525000000100654
51.925000000103246
75.82500000010867
78.30000000010924
90.37500000011198
102.27500000011469
115.15000000011761
118.42500000011836
123.67500000011955
126.57500000012021
129.7750000001189
133.22500000011576
135.7000000001135
138.3500000001111
142.0750000001077
146.8000000001034
8.075000000100076
20.875000000099348
37.52500000009997
41.90000000010097
52.100000000103286
75.77500000010866
78.25000000010922
90.425000000112
102.3250000001147
115.0750000001176
118.27500000011833
124.20000000011967
126.80000000012026
130.1000000001186
133.25000000011573
135.77500000011344
138.47500000011098
142.4250000001074
147.65000000010264
8.150000000100071
20.925000000099345
36.925000000099836
39.97500000010053
51.90000000010324
75.85000000010868
78.30000000010924
90.40000000011199
102.3000000001147
115.12500000011761
118.22500000011831
122.95000000011939
126.42500000012018
129.5500000001191
133.20000000011578
135.7000000001135
138.27500000011116
141.80000000010796
146.30000000010386
8.100000000100074
20.800000000099352
37.07500000009987
40.400000000100626
51.82500000010322
75.80000000010867
78.25000000010922
90.35000000011198
102.22500000011468
115.12500000011761
118.42500000011836
124.45000000011973
126.9750000001203
130.35000000011837
133.37500000011562
135.8250000001134
138.52500000011094
142.55000000010727
147.82500000010248
8.150000000100071
20.775000000099354
36.925000000099836
40.10000000010056
51.875000000103235
75.82500000010867
78.32500000010924
90.32500000011197
102.3250000001147
115.1000000001176
118.37500000011835
124.3500000001197
126.92500000012029
130.3250000001184
133.3000000001157
135.8000000001134
138.6750000001108
142.92500000010693
148.40000000010195
8.050000000100077
20.85000000009935
37.2000000000999
40.80000000010072
51.925000000103246
75.80000000010867
78.30000000010924
90.37500000011198
102.25000000011468
115.12500000011761
118.55000000011839
125.65000000012
128.4500000001201
132.90000000011605
135.40000000011378
137.92500000011148
141.55000000010818
146.72500000010348
8.125000000100073
20.85000000009935
37.12500000009988
40.37500000010062
51.875000000103235
75.82500000010867
78.30000000010924
90.35000000011198
102.3250000001147
115.17500000011762
118.5750000001184
124.57500000011976
127.07500000012033
130.47500000011826
133.45000000011555
135.95000000011328
138.72500000011075
142.77500000010707
148.07500000010225
8.225000000100067
20.925000000099345
37.40000000009994
41.1750000001008
52.100000000103286
75.85000000010868
78.32500000010924
90.475000000112
102.27500000011469
115.22500000011763
118.67500000011842
124.47500000011973
127.05000000012032
130.40000000011833
133.5000000001155
135.97500000011325
138.60000000011087
142.37500000010743
147.32500000010293
8.17500000010007
20.925000000099345
36.95000000009984
40.225000000100586
51.97500000010326
75.80000000010867
78.32500000010924
90.37500000011198
102.3000000001147
115.20000000011763
118.75000000011843
125.25000000011991
127.92500000012052
131.9750000001169
134.57500000011453
137.00000000011232
140.05000000010955
144.55000000010546
8.225000000100067
20.975000000099342
37.07500000009987
40.2750000001006
51.97500000010326
75.9250000001087
78.40000000010926
90.425000000112
102.37500000011471
115.22500000011763
118.5750000001184
124.3000000001197
126.87500000012028
130.15000000011855
133.35000000011564
135.8250000001134
138.50000000011096
142.4250000001074
147.60000000010268
8.100000000100074
21.00000000009934
37.2000000000999
40.82500000010072
52.02500000010327
75.87500000010868
78.35000000010925
90.40000000011199
102.3000000001147
115.20000000011763
118.70000000011842
125.2000000001199
127.80000000012049
131.67500000011717
134.20000000011487
136.55000000011273
139.42500000011012
143.5250000001064
148.65000000010173
8.125000000100073
20.775000000099354
37.275000000099915
40.575000000100665
51.875000000103235
75.90000000010869
78.35000000010925
90.40000000011199
102.3250000001147
115.17500000011762
118.37500000011835
123.67500000011955
126.62500000012022
129.80000000011887
133.20000000011578
135.75000000011346
138.37500000011107
142.02500000010775
146.75000000010346
8.150000000100071
20.875000000099348
36.95000000009984
40.175000000100574
51.97500000010326
75.80000000010867
78.30000000010924
90.425000000112
102.3250000001147
115.15000000011761
118.5750000001184
124.27500000011969
126.90000000012029
130.25000000011846
133.35000000011564
135.85000000011337
138.5750000001109
142.35000000010746
147.07500000010316
8.17500000010007
20.85000000009935
37.57500000009998
42.07500000010101
51.90000000010324
75.75000000010866
78.22500000010922
90.35000000011198
102.20000000011467
115.15000000011761
118.5750000001184
124.42500000011972
126.9500000001203
130.3250000001184
133.47500000011553
135.95000000011328
138.5500000001109
142.17500000010762
146.9250000001033
8.125000000100073
20.775000000099354
36.95000000009984
40.000000000100535
51.77500000010321
75.85000000010868
78.32500000010924
90.35000000011198
102.17500000011466
115.22500000011763
118.6000000001184
124.17500000011967
126.80000000012026
130.02500000011867
133.3000000001157
135.75000000011346
138.40000000011105
142.0750000001077
146.7000000001035
8.150000000100071
20.900000000099347
36.95000000009984
40.02500000010054
51.90000000010324
75.85000000010868
78.30000000010924
90.40000000011199
102.3500000001147
115.25000000011764
118.65000000011841
124.40000000011972
126.92500000012029
130.15000000011855
133.37500000011562
135.85000000011337
138.47500000011098
142.12500000010766
146.87500000010334
8.125000000100073
20.82500000009935
37.32500000009993
40.85000000010073
51.97500000010326
75.82500000010867
78.30000000010924
90.40000000011199
102.3250000001147
115.27500000011764
118.92500000011847
125.95000000012007
128.85000000011973
133.00000000011596
135.55000000011364
138.07500000011134
141.60000000010814
146.3750000001038
8.250000000100066
20.85000000009935
37.050000000099864
40.2750000001006
51.925000000103246
75.85000000010868
78.32500000010924
90.40000000011199
102.37500000011471
115.25000000011764
118.70000000011842
124.90000000011983
127.4250000001204
130.90000000011787
133.67500000011535
136.12500000011312
138.87500000011062
142.850000000107
147.97500000010234
8.125000000100073
20.800000000099352
36.875000000099824
39.95000000010052
51.80000000010322
75.80000000010867
78.25000000010922
90.30000000011196
102.3250000001147
115.15000000011761
118.40000000011835
123.75000000011957
126.57500000012021
129.70000000011896
133.15000000011582
135.67500000011353
138.2250000001112
141.80000000010796
146.5750000001036
8.075000000100076
20.925000000099345
37.17500000009989
40.50000000010065
51.97500000010326
75.9250000001087
78.40000000010926
90.425000000112
102.3250000001147
115.27500000011764
118.80000000011844
124.80000000011981
127.32500000012038
130.77500000011798
133.6250000001154
136.10000000011314
138.80000000011069
142.67500000010716
147.5750000001027
8.125000000100073
20.85000000009935
37.47500000009996
41.77500000010094
52.02500000010327
75.85000000010868
78.32500000010924
90.40000000011199
102.27500000011469
115.22500000011763
118.82500000011845
126.0750000001201
129.1000000001195
133.10000000011587
135.67500000011353
138.40000000011105
142.45000000010737
147.9000000001024
8.100000000100074
20.875000000099348
37.07500000009987
40.350000000100614
51.925000000103246
75.85000000010868
78.32500000010924
90.40000000011199
102.42500000011472
115.22500000011763
118.72500000011843
125.15000000011989
127.72500000012047
131.45000000011737
133.92500000011512
136.32500000011294
139.27500000011025
143.60000000010632
149.0000000001014
8.125000000100073
20.975000000099342
37.2000000000999
40.47500000010064
51.97500000010326
75.87500000010868
78.35000000010925
90.40000000011199
102.27500000011469
115.22500000011763
118.52500000011838
123.9000000001196
126.67500000012024
129.8750000001188
133.2750000001157
135.8250000001134
138.40000000011105
141.95000000010782
146.55000000010364
8.100000000100074
20.775000000099354
36.875000000099824
39.95000000010052
51.80000000010322
75.77500000010866
78.20000000010921
90.27500000011196
102.12500000011465
115.05000000011759
118.1750000001183
123.17500000011944
126.40000000012017
129.50000000011914
133.05000000011592
135.57500000011362
138.1250000001113
141.70000000010805
146.42500000010375
8.100000000100074
20.85000000009935
37.02500000009986
40.350000000100614
51.97500000010326
75.77500000010866
78.25000000010922
90.35000000011198
102.3000000001147
115.1000000001176
118.42500000011836
124.15000000011966
126.77500000012026
130.05000000011864
133.25000000011573
135.8000000001134
138.60000000011087
142.65000000010718
147.82500000010248
8.17500000010007
20.950000000099344
37.12500000009988
40.55000000010066
52.050000000103275
75.87500000010868
78.40000000010926
90.450000000112
102.50000000011474
115.17500000011762
118.55000000011839
125.02500000011986
127.60000000012045
131.47500000011735
134.02500000011503
136.42500000011285
139.4500000001101
144.00000000010596
149.80000000010068
7.97500000010008
20.875000000099348
37.275000000099915
40.62500000010068
51.97500000010326
75.87500000010868
78.32500000010924
90.425000000112
102.40000000011472
115.15000000011761
118.32500000011834
123.47500000011951
126.5500000001202
129.67500000011898
133.25000000011573
135.72500000011348
138.32500000011112
141.95000000010782
146.65000000010355
8.17500000010007
20.775000000099354
37.2000000000999
40.65000000010068
51.82500000010322
75.75000000010866
78.20000000010921
90.27500000011196
102.25000000011468
115.05000000011759
118.20000000011831
123.35000000011948
126.42500000012018
129.57500000011908
133.12500000011585
135.65000000011355
138.25000000011119
141.8750000001079
146.52500000010366
8.050000000100077
20.875000000099348
37.100000000099875
40.350000000100614
52.00000000010326
75.85000000010868
78.32500000010924
90.40000000011199
102.25000000011468
115.20000000011763
118.6250000001184
124.70000000011979
127.22500000012036
130.6500000001181
133.52500000011548
135.9250000001133
138.52500000011094
142.22500000010757
147.05000000010318
8.050000000100077
20.85000000009935
37.12500000009988
40.60000000010067
51.95000000010325
75.72500000010865
78.22500000010922
90.30000000011196
102.22500000011468
115.05000000011759
118.30000000011833
123.70000000011956
126.5500000001202
129.82500000011885
133.15000000011582
135.72500000011348
138.3500000001111
142.02500000010775
146.87500000010334
8.025000000100079
20.950000000099344
37.07500000009987
40.37500000010062
51.95000000010325
75.85000000010868
78.35000000010925
90.37500000011198
102.25000000011468
115.20000000011763
118.6000000001184
124.80000000011981
127.30000000012038
130.85000000011792
133.55000000011546
135.97500000011325
138.75000000011073
142.87500000010698
148.2250000001021
8.17500000010007
20.975000000099342
37.15000000009989
40.55000000010066
52.00000000010326
75.90000000010869
78.40000000010926
90.425000000112
102.40000000011472
115.27500000011764
118.75000000011843
124.80000000011981
127.32500000012038
130.82500000011794
133.60000000011541
136.10000000011314
138.92500000011057
142.9750000001069
148.07500000010225
8.075000000100076
20.975000000099342
37.2000000000999
40.95000000010075
52.050000000103275
75.87500000010868
78.37500000010925
90.425000000112
102.3500000001147
115.17500000011762
118.67500000011842
125.30000000011992
128.0000000001205
132.15000000011673
134.7250000001144
137.20000000011214
140.57500000010907
145.55000000010455
8.075000000100076
20.900000000099347
37.225000000099904
40.77500000010071
52.00000000010326
75.77500000010866
78.25000000010922
90.37500000011198
102.3000000001147
115.1000000001176
118.37500000011835
123.85000000011959
126.65000000012023
129.90000000011878
133.20000000011578
135.77500000011344
138.47500000011098
142.3000000001075
147.17500000010307
8.450000000100054
20.900000000099347
37.25000000009991
40.750000000100705
52.07500000010328
75.80000000010867
78.27500000010923
90.40000000011199
102.3500000001147
115.20000000011763
118.6250000001184
124.52500000011975
127.05000000012032
130.4250000001183
133.42500000011557
135.90000000011332
138.5500000001109
142.3000000001075
147.0250000001032
8.225000000100067
20.975000000099342
37.050000000099864
40.32500000010061
51.97500000010326
75.85000000010868
78.32500000010924
90.40000000011199
102.3500000001147
115.22500000011763
118.65000000011841
124.40000000011972
126.9500000001203
130.27500000011844
133.35000000011564
135.77500000011344
138.42500000011103
142.17500000010762
147.05000000010318
8.050000000100077
20.900000000099347
37.07500000009987
40.400000000100626
51.97500000010326
75.82500000010867
78.30000000010924
90.37500000011198
102.3250000001147
115.25000000011764
118.95000000011848
125.95000000012007
128.8750000001197
132.92500000011603
135.4750000001137
137.97500000011144
141.50000000010823
146.2750000001039
8.125000000100073
20.925000000099345
37.02500000009986
40.3000000001006
52.00000000010326
75.90000000010869
78.40000000010926
90.450000000112
102.37500000011471
115.22500000011763
118.70000000011842
126.00000000012008
128.92500000011967
133.02500000011594
135.6000000001136
138.20000000011123
142.00000000010778
147.22500000010302
8.075000000100076
20.925000000099345
37.02500000009986
40.225000000100586
51.95000000010325
75.87500000010868
78.37500000010925
90.40000000011199
102.37500000011471
115.20000000011763
118.6250000001184
124.85000000011982
127.3750000001204
130.95000000011783
133.67500000011535
136.10000000011314
138.9000000001106
143.05000000010682
148.37500000010198
8.075000000100076
21.00000000009934
37.00000000009985
40.2750000001006
52.00000000010326
75.85000000010868
78.32500000010924
90.425000000112
102.3500000001147
115.22500000011763
118.55000000011839
124.22500000011968
126.82500000012027
130.12500000011858
133.35000000011564
135.8250000001134
138.5750000001109
142.55000000010727
147.65000000010264
8.125000000100073
20.925000000099345
37.12500000009988
40.62500000010068
52.00000000010326
75.90000000010869
78.37500000010925
90.425000000112
102.25000000011468
115.27500000011764
118.80000000011844
125.95000000012007
128.85000000011973
133.12500000011585
135.62500000011357
138.1250000001113
141.72500000010803
146.8000000001034
8.275000000100064
20.975000000099342
37.42500000009995
41.450000000100864
52.02500000010327
75.90000000010869
78.40000000010926
90.425000000112
102.40000000011472
115.15000000011761
118.40000000011835
123.9000000001196
126.67500000012024
129.95000000011873
133.35000000011564
135.85000000011337
138.47500000011098
142.15000000010764
146.95000000010327
8.200000000100069
20.925000000099345
37.225000000099904
40.750000000100705
51.97500000010326
75.90000000010869
78.42500000010926
90.425000000112
102.12500000011465
115.27500000011764
119.0250000001185
126.1000000001201
129.17500000011944
133.12500000011585
135.7000000001135
138.25000000011119
141.90000000010787
147.00000000010323
8.100000000100074
20.875000000099348
37.275000000099915
40.82500000010072
52.100000000103286
75.85000000010868
78.32500000010924
90.425000000112
102.25000000011468
115.17500000011762
118.55000000011839
124.7500000001198
127.27500000012037
130.750000000118
133.55000000011546
135.97500000011325
138.62500000011084
142.4250000001074
147.42500000010284
8.225000000100067
20.925000000099345
37.35000000009993
40.85000000010073
52.050000000103275
75.9250000001087
78.40000000010926
90.50000000011201
102.40000000011472
115.20000000011763
118.45000000011837
123.97500000011962
126.75000000012025
130.0000000001187
133.35000000011564
135.85000000011337
138.65000000011082
142.6250000001072
147.55000000010273
8.100000000100074
20.85000000009935
37.100000000099875
40.37500000010062
51.95000000010325
75.82500000010867
78.32500000010924
90.37500000011198
102.3500000001147
115.22500000011763
118.75000000011843
125.47500000011996
128.2250000001203
132.47500000011644
135.0500000001141
137.6750000001117
141.4250000001083
146.45000000010373
8.150000000100071
20.82500000009935
37.225000000099904
40.80000000010072
51.95000000010325
75.80000000010867
78.30000000010924
90.35000000011198
102.37500000011471
115.12500000011761
118.55000000011839
124.70000000011979
127.25000000012037
130.82500000011794
133.67500000011535
136.10000000011314
138.85000000011064
142.90000000010696
148.17500000010216
8.050000000100077
20.900000000099347
37.12500000009988
40.45000000010064
52.00000000010326
75.80000000010867
78.25000000010922
90.40000000011199
102.42500000011472
115.20000000011763
118.6000000001184
124.3250000001197
126.90000000012029
130.15000000011855
133.3000000001157
135.77500000011344
138.42500000011103
142.25000000010755
147.27500000010298
8.075000000100076
20.925000000099345
36.925000000099836
40.050000000100546
51.925000000103246
75.87500000010868
78.35000000010925
90.37500000011198
102.22500000011468
115.17500000011762
118.40000000011835
123.57500000011953
126.5500000001202
129.70000000011896
133.20000000011578
135.7000000001135
138.3500000001111
142.05000000010773
146.75000000010346
8.100000000100074
20.775000000099354
37.07500000009987
40.225000000100586
51.82500000010322
75.80000000010867
78.27500000010923
90.32500000011197
102.12500000011465
115.12500000011761
118.35000000011834
123.77500000011958
126.60000000012022
129.7750000001189
133.12500000011585
135.7000000001135
138.37500000011107
142.12500000010766
147.0250000001032
8.300000000100063
20.925000000099345
37.07500000009987
40.3000000001006
52.02500000010327
75.87500000010868
78.35000000010925
90.475000000112
102.22500000011468
115.12500000011761
118.27500000011833
123.50000000011951
126.57500000012021
129.7750000001189
133.2750000001157
135.8000000001134
138.47500000011098
142.3000000001075
147.250000000103
8.225000000100067
20.975000000099342
37.25000000009991
40.62500000010068
52.07500000010328
75.9500000001087
78.45000000010927
90.50000000011201
102.3500000001147
115.32500000011765
118.92500000011847
125.57500000011999
128.3250000001202
132.55000000011637
135.12500000011403
137.5750000001118
140.90000000010878
145.52500000010457
8.275000000100064
20.875000000099348
37.07500000009987
40.3000000001006
51.95000000010325
75.82500000010867
78.27500000010923
90.40000000011199
102.15000000011466
115.15000000011761
118.45000000011837
123.97500000011962
126.70000000012024
129.92500000011876
133.1750000001158
135.75000000011346
138.62500000011084
142.7500000001071
147.95000000010236
8.075000000100076
20.82500000009935
37.00000000009985
40.15000000010057
51.925000000103246
75.77500000010866
78.22500000010922
90.37500000011198
102.37500000011471
115.20000000011763
118.6250000001184
124.40000000011972
126.9500000001203
130.2000000001185
133.32500000011566
135.85000000011337
138.50000000011096
142.22500000010757
147.05000000010318
8.200000000100069
20.800000000099352
37.100000000099875
40.25000000010059
51.85000000010323
75.85000000010868
78.30000000010924
90.37500000011198
102.25000000011468
115.15000000011761
118.40000000011835
123.8750000001196
126.65000000012023
129.82500000011885
133.22500000011576
135.75000000011346
138.40000000011105
142.15000000010764
146.97500000010325
8.200000000100069
20.875000000099348
37.17500000009989
40.7250000001007
52.00000000010326
75.85000000010868
78.37500000010925
90.40000000011199
102.37500000011471
115.27500000011764
119.22500000011854
126.20000000012013
129.40000000011923
133.15000000011582
135.67500000011353
138.50000000011096
142.7500000001071
148.40000000010195
8.150000000100071
20.82500000009935
37.2000000000999
40.575000000100665
51.875000000103235
75.77500000010866
78.22500000010922
90.35000000011198
102.22500000011468
115.1000000001176
118.30000000011833
123.4500000001195
126.47500000012019
129.60000000011905
133.02500000011594
135.6000000001136
138.25000000011119
141.92500000010784
146.5750000001036
8.17500000010007
20.875000000099348
37.15000000009989
40.45000000010064
51.925000000103246
75.82500000010867
78.27500000010923
90.37500000011198
102.40000000011472
115.1000000001176
118.27500000011833
123.47500000011951
126.5500000001202
129.72500000011894
133.2750000001157
135.77500000011344
138.30000000011114
141.82500000010793
146.50000000010368
8.125000000100073
20.875000000099348
37.12500000009988
40.400000000100626
51.875000000103235
75.82500000010867
78.30000000010924
90.37500000011198
102.3250000001147
115.22500000011763
118.72500000011843
124.70000000011979
127.20000000012035
130.60000000011814
133.5000000001155
135.97500000011325
138.75000000011073
142.67500000010716
147.55000000010273
8.125000000100073
20.750000000099355
36.750000000099796
39.75000000010048
51.85000000010323
75.77500000010866
78.22500000010922
90.32500000011197
102.22500000011468
115.15000000011761
118.52500000011838
124.22500000011968
126.80000000012026
129.9750000001187
133.25000000011573
135.77500000011344
138.32500000011112
141.82500000010793
146.45000000010373
8.575000000100047
20.925000000099345
37.050000000099864
40.175000000100574
51.95000000010325
75.9250000001087
78.42500000010926
90.450000000112
102.3500000001147
115.30000000011765
118.85000000011846
126.00000000012008
128.92500000011967
133.0750000001159
135.57500000011362
138.20000000011123
142.05000000010773
147.22500000010302
8.025000000100079
20.900000000099347
37.00000000009985
40.25000000010059
52.00000000010326
75.90000000010869
78.40000000010926
90.450000000112
102.40000000011472
109.25000000011627
115.12500000011761
118.35000000011834
124.10000000011965
126.77500000012026
130.07500000011862
133.4000000001156
135.9250000001133
138.60000000011087
142.5250000001073
147.7000000001026
8.100000000100074
20.925000000099345
37.47500000009996
41.35000000010084
51.925000000103246
75.87500000010868
78.35000000010925
90.40000000011199
102.40000000011472
115.27500000011764
118.77500000011844
125.12500000011988
127.72500000012047
131.55000000011728
134.10000000011496
136.45000000011282
139.3250000001102
143.55000000010637
148.95000000010145
8.050000000100077
21.00000000009934
37.275000000099915
40.875000000100734
52.07500000010328
75.85000000010868
78.35000000010925
90.40000000011199
102.3000000001147
115.22500000011763
118.77500000011844
125.15000000011989
127.77500000012049
131.6250000001172
134.15000000011491
136.55000000011273
139.47500000011007
143.7250000001062
149.05000000010136
8.025000000100079
20.925000000099345
36.97500000009985
40.15000000010057
51.90000000010324
75.90000000010869
78.37500000010925
90.40000000011199
102.40000000011472
115.25000000011764
118.65000000011841
124.7500000001198
127.27500000012037
130.72500000011803
133.52500000011548
136.00000000011323
138.87500000011062
143.10000000010677
148.52500000010184
8.150000000100071
20.875000000099348
37.47500000009996
41.20000000010081
51.875000000103235
75.75000000010866
78.20000000010921
90.32500000011197
102.20000000011467
115.12500000011761
118.35000000011834
123.30000000011947
126.45000000012018
129.5500000001191
133.02500000011594
135.55000000011364
138.25000000011119
141.92500000010784
146.50000000010368
8.17500000010007
20.900000000099347
37.30000000009992
40.750000000100705
51.97500000010326
75.77500000010866
78.25000000010922
90.37500000011198
102.3250000001147
115.12500000011761
118.40000000011835
123.65000000011955
126.5500000001202
129.70000000011896
133.12500000011585
135.67500000011353
138.30000000011114
141.92500000010784
146.5750000001036
8.100000000100074
20.875000000099348
37.25000000009991
40.82500000010072
51.925000000103246
75.85000000010868
78.35000000010925
90.37500000011198
102.37500000011471
115.12500000011761
118.37500000011835
124.00000000011963
126.72500000012025
130.0000000001187
133.3000000001157
135.8250000001134
138.52500000011094
142.4000000001074
147.45000000010282
8.075000000100076
20.950000000099344
37.17500000009989
40.575000000100665
52.00000000010326
75.90000000010869
78.40000000010926
90.40000000011199
102.25000000011468
115.20000000011763
118.65000000011841
124.70000000011979
127.25000000012037
130.80000000011796
133.6250000001154
136.07500000011316
138.7750000001107
142.67500000010716
147.65000000010264
8.150000000100071
20.82500000009935
37.00000000009985
40.02500000010054
51.90000000010324
75.90000000010869
78.35000000010925
90.425000000112
102.3500000001147
115.25000000011764
118.65000000011841
124.80000000011981
127.32500000012038
130.77500000011798
133.60000000011541
136.0250000001132
138.7750000001107
142.7500000001071
147.85000000010245
8.250000000100066
20.925000000099345
37.35000000009993
40.975000000100756
52.00000000010326
75.9250000001087
78.40000000010926
90.450000000112
102.3000000001147
115.12500000011761
118.32500000011834
123.95000000011962
126.70000000012024
130.0000000001187
133.2750000001157
135.77500000011344
138.450000000111
142.27500000010753
147.27500000010298
8.100000000100074
21.050000000099338
37.500000000099966
41.625000000100904
52.20000000010331
75.9250000001087
78.45000000010927
90.50000000011201
102.3000000001147
115.27500000011764
118.82500000011845
125.05000000011987
127.67500000012046
131.47500000011735
134.07500000011498
136.50000000011278
139.50000000011005
143.87500000010607
149.37500000010107
8.050000000100077
20.925000000099345
36.90000000009983
40.12500000010056
51.95000000010325
75.85000000010868
78.35000000010925
90.40000000011199
102.3250000001147
115.27500000011764
118.92500000011847
125.60000000011999
128.37500000012017
132.67500000011626
135.32500000011385
137.8000000001116
141.17500000010853
145.8250000001043
8.050000000100077
20.900000000099347
37.12500000009988
40.525000000100654
51.95000000010325
75.82500000010867
78.30000000010924
90.35000000011198
102.37500000011471
115.22500000011763
118.85000000011846
125.82500000012004
128.6750000001199
132.92500000011603
135.45000000011373
137.95000000011146
141.37500000010834
146.10000000010405
8.00000000010008
20.775000000099354
36.90000000009983
39.97500000010053
51.77500000010321
75.77500000010866
78.25000000010922
90.27500000011196
102.20000000011467
115.17500000011762
118.6250000001184
124.65000000011977
127.12500000012034
130.47500000011826
133.35000000011564
135.85000000011337
138.450000000111
142.12500000010766
146.9250000001033
8.125000000100073
20.65000000009936
37.625000000099995
51.85000000010323
75.85000000010868
78.32500000010924
90.35000000011198
102.3000000001147
115.15000000011761
118.42500000011836
125.30000000011992
127.90000000012051
131.90000000011696
134.3750000001147
136.7000000001126
139.6500000001099
144.15000000010582
149.97500000010052
8.150000000100071
21.00000000009934
37.70000000010001
52.1750000001033
75.82500000010867
78.32500000010924
90.425000000112
102.3250000001147
115.17500000011762
118.6000000001184
124.50000000011974
127.07500000012033
130.5500000001182
133.5000000001155
135.97500000011325
138.75000000011073
142.72500000010712
147.77500000010252
8.100000000100074
20.925000000099345
37.450000000099955
41.37500000010085
52.00000000010326
75.90000000010869
78.37500000010925
90.425000000112
102.40000000011472
115.30000000011765
118.95000000011848
126.00000000012008
128.95000000011964
133.0750000001159
135.62500000011357
138.27500000011116
142.10000000010768
147.10000000010314
8.275000000100064
20.975000000099342
37.225000000099904
40.65000000010068
52.02500000010327
75.90000000010869
78.40000000010926
90.450000000112
102.37500000011471
115.20000000011763
118.50000000011838
123.97500000011962
126.75000000012025
130.0000000001187
133.35000000011564
135.9250000001133
138.62500000011084
142.45000000010737
147.3750000001029
7.950000000100079
20.900000000099347
37.42500000009995
40.975000000100756
51.95000000010325
75.82500000010867
78.27500000010923
90.40000000011199
102.45000000011473
115.15000000011761
118.35000000011834
123.22500000011945
126.47500000012019
129.57500000011908
133.12500000011585
135.62500000011357
138.17500000011125
141.67500000010807
146.2500000001039
8.100000000100074
20.900000000099347
36.97500000009985
40.10000000010056
51.95000000010325
75.85000000010868
78.32500000010924
90.40000000011199
102.22500000011468
115.20000000011763
118.55000000011839
124.17500000011967
126.80000000012026
130.0000000001187
133.3000000001157
135.77500000011344
138.40000000011105
142.10000000010768
146.95000000010327
8.17500000010007
20.950000000099344
37.450000000099955
41.22500000010081
52.07500000010328
75.87500000010868
78.37500000010925
90.475000000112
102.3500000001147
115.30000000011765
118.95000000011848
125.95000000012007
128.8750000001197
133.10000000011587
135.67500000011353
138.27500000011116
141.92500000010784
146.77500000010343
8.125000000100073
20.85000000009935
37.225000000099904
40.575000000100665
51.95000000010325
75.82500000010867
78.27500000010923
90.37500000011198
102.17500000011466
115.15000000011761
118.45000000011837
123.8750000001196
126.65000000012023
129.82500000011885
133.22500000011576
135.75000000011346
138.30000000011114
141.8500000001079
146.4750000001037
7.97500000010008
20.85000000009935
37.30000000009992
40.7250000001007
51.95000000010325
75.82500000010867
78.30000000010924
90.450000000112
102.3000000001147
115.0750000001176
118.20000000011831
123.52500000011952
126.57500000012021
129.80000000011887
133.3000000001157
135.85000000011337
138.50000000011096
142.22500000010757
147.10000000010314
8.125000000100073
20.975000000099342
37.2000000000999
40.700000000100694
52.00000000010326
75.85000000010868
78.35000000010925
90.37500000011198
102.27500000011469
115.20000000011763
118.6250000001184
124.45000000011973
127.00000000012031
130.35000000011837
133.42500000011557
135.97500000011325
138.72500000011075
142.57500000010725
147.4750000001028
8.100000000100074
20.975000000099342
37.2000000000999
40.62500000010068
52.02500000010327
75.90000000010869
78.40000000010926
90.425000000112
102.3250000001147
115.27500000011764
118.77500000011844
124.85000000011982
127.3750000001204
130.8750000001179
133.65000000011537
136.07500000011316
138.9000000001106
142.87500000010698
147.82500000010248
8.125000000100073
20.950000000099344
37.450000000099955
42.57500000010112
52.07500000010328
75.87500000010868
78.40000000010926
90.425000000112
102.3000000001147
115.15000000011761
118.47500000011837
124.62500000011977
127.17500000012035
130.77500000011798
133.6250000001154
136.12500000011312
138.97500000011053
143.20000000010668
148.65000000010173
8.075000000100076
20.85000000009935
37.07500000009987
40.32500000010061
51.95000000010325
75.87500000010868
78.35000000010925
90.37500000011198
102.50000000011474
115.22500000011763
118.75000000011843
125.10000000011988
127.70000000012047
131.47500000011735
134.00000000011505
136.3750000001129
139.30000000011023
143.5250000001064
148.70000000010168
8.200000000100069
20.875000000099348
37.07500000009987
40.32500000010061
51.925000000103246
75.85000000010868
78.32500000010924
90.37500000011198
102.27500000011469
115.15000000011761
118.47500000011837
124.12500000011966
126.77500000012026
130.05000000011864
133.3000000001157
135.8250000001134
138.50000000011096
142.32500000010748
147.22500000010302
8.150000000100071
20.950000000099344
37.07500000009987
40.32500000010061
51.97500000010326
75.85000000010868
78.32500000010924
90.450000000112
102.25000000011468
115.20000000011763
118.5750000001184
124.05000000011964
126.75000000012025
130.0000000001187
133.22500000011576
135.77500000011344
138.47500000011098
142.25000000010755
146.97500000010325
8.025000000100079
20.875000000099348
37.12500000009988
40.37500000010062
51.95000000010325
75.87500000010868
78.32500000010924
90.425000000112
102.3000000001147
115.17500000011762
118.37500000011835
123.65000000011955
126.60000000012022
129.80000000011887
133.2750000001157
135.77500000011344
138.40000000011105
142.10000000010768
146.85000000010336
8.250000000100066
20.65000000009936
36.875000000099824
39.8500000001005
51.82500000010322
75.85000000010868
78.27500000010923
90.35000000011198
102.3500000001147
115.12500000011761
118.30000000011833
123.92500000011961
126.67500000012024
129.85000000011883
133.2750000001157
135.8250000001134
138.52500000011094
142.47500000010734
147.5750000001027
8.075000000100076
20.800000000099352
37.02500000009986
40.20000000010058
51.85000000010323
75.80000000010867
78.27500000010923
90.32500000011197
102.20000000011467
115.20000000011763
118.67500000011842
124.97500000011985
127.52500000012043
131.17500000011762
133.8250000001152
136.17500000011307
138.87500000011062
142.82500000010702
147.87500000010243
8.100000000100074
20.82500000009935
36.85000000009982
39.875000000100506
51.85000000010323
75.80000000010867
78.27500000010923
90.37500000011198
102.3500000001147
115.12500000011761
118.32500000011834
123.4500000001195
126.5250000001202
129.650000000119
133.25000000011573
135.77500000011344
138.450000000111
142.15000000010764
146.90000000010332
8.00000000010008
20.800000000099352
36.95000000009984
40.050000000100546
51.85000000010323
75.80000000010867
78.27500000010923
90.32500000011197
102.17500000011466
115.12500000011761
118.40000000011835
123.95000000011962
126.67500000012024
129.92500000011876
133.22500000011576
135.77500000011344
138.52500000011094
142.4250000001074
147.3750000001029
8.200000000100069
20.975000000099342
37.37500000009994
41.05000000010077
52.050000000103275
75.85000000010868
78.32500000010924
90.425000000112
102.3250000001147
115.25000000011764
118.75000000011843
124.40000000011972
126.9500000001203
130.22500000011848
133.4000000001156
135.90000000011332
138.5750000001109
142.3000000001075
147.05000000010318
8.275000000100064
20.900000000099347
37.15000000009989
40.55000000010066
51.875000000103235
75.85000000010868
78.32500000010924
90.32500000011197
102.40000000011472
115.17500000011762
118.55000000011839
124.10000000011965
126.75000000012025
130.02500000011867
133.3000000001157
135.8000000001134
138.450000000111
142.17500000010762
146.97500000010325
8.100000000100074
20.85000000009935
37.050000000099864
40.25000000010059
51.95000000010325
75.82500000010867
78.30000000010924
90.40000000011199
102.22500000011468
115.17500000011762
118.65000000011841
124.90000000011983
127.45000000012041
131.05000000011773
133.75000000011528
136.1500000001131
138.95000000011055
143.02500000010684
148.17500000010216
8.100000000100074
20.900000000099347
36.90000000009983
39.97500000010053
51.97500000010326
75.90000000010869
78.37500000010925
90.475000000112
102.3250000001147
115.22500000011763
118.6000000001184
124.90000000011983
127.4000000001204
130.95000000011783
133.60000000011541
136.10000000011314
139.0000000001105
143.32500000010657
148.82500000010157
8.100000000100074
20.82500000009935
37.050000000099864
40.3000000001006
51.85000000010323
75.82500000010867
78.30000000010924
90.35000000011198
102.25000000011468
115.12500000011761
118.30000000011833
123.37500000011948
126.5000000001202
129.67500000011898
133.12500000011585
135.67500000011353
138.32500000011112
142.12500000010766
147.05000000010318
8.075000000100076
20.925000000099345
37.12500000009988
40.400000000100626
52.00000000010326
75.90000000010869
78.35000000010925
90.450000000112
102.37500000011471
115.22500000011763
118.67500000011842
124.87500000011983
127.3750000001204
130.85000000011792
133.60000000011541
136.0250000001132
138.7750000001107
142.7500000001071
147.77500000010252
8.075000000100076
20.950000000099344
37.625000000099995
43.17500000010126
52.050000000103275
75.9250000001087
78.42500000010926
90.450000000112
102.3250000001147
115.22500000011763
118.65000000011841
124.72500000011979
127.25000000012037
130.80000000011796
133.6250000001154
136.07500000011316
138.82500000011066
142.82500000010702
148.00000000010232
8.125000000100073
20.900000000099347
37.100000000099875
40.350000000100614
51.97500000010326
75.87500000010868
78.32500000010924
90.425000000112
102.20000000011467
115.20000000011763
118.55000000011839
124.20000000011967
126.80000000012026
130.0000000001187
133.35000000011564
135.8000000001134
138.27500000011116
141.72500000010803
146.40000000010377
8.100000000100074
20.975000000099342
37.30000000009992
41.72500000010093
52.20000000010331
75.85000000010868
78.40000000010926
90.425000000112
102.3000000001147
115.15000000011761
118.5750000001184
125.37500000011994
128.10000000012042
132.50000000011642
135.12500000011403
137.65000000011173
141.22500000010848
146.2500000001039
8.17500000010007
20.950000000099344
37.12500000009988
40.65000000010068
51.97500000010326
75.85000000010868
78.35000000010925
90.37500000011198
102.3250000001147
115.20000000011763
118.67500000011842
124.70000000011979
127.22500000012036
130.70000000011805
133.52500000011548
135.95000000011328
138.6750000001108
142.57500000010725
147.55000000010273
8.150000000100071
20.875000000099348
37.100000000099875
40.42500000010063
51.875000000103235
75.77500000010866
78.22500000010922
90.30000000011196
102.20000000011467
115.17500000011762
118.6250000001184
124.3000000001197
126.85000000012027
130.1000000001186
133.25000000011573
135.75000000011346
138.3500000001111
142.02500000010775
146.77500000010343
8.100000000100074
21.00000000009934
37.050000000099864
40.32500000010061
52.02500000010327
75.9250000001087
78.42500000010926
90.450000000112
102.3000000001147
115.22500000011763
118.55000000011839
124.15000000011966
126.82500000012027
130.1000000001186
133.35000000011564
135.90000000011332
138.72500000011075
142.70000000010714
147.6750000001026
8.025000000100079
21.00000000009934
37.35000000009993
41.47500000010087
52.07500000010328
75.90000000010869
78.42500000010926
90.425000000112
102.37500000011471
115.22500000011763
118.72500000011843
125.47500000011996
128.20000000012033
132.5250000001164
135.10000000011405
137.6750000001117
141.37500000010834
146.3750000001038
8.100000000100074
20.900000000099347
37.2000000000999
40.62500000010068
51.925000000103246
75.80000000010867
78.25000000010922
90.35000000011198
102.27500000011469
115.22500000011763
118.75000000011843
124.7500000001198
127.25000000012037
130.62500000011812
133.45000000011555
135.90000000011332
138.60000000011087
142.4250000001074
147.30000000010295
8.225000000100067
20.775000000099354
36.925000000099836
40.050000000100546
51.875000000103235
75.82500000010867
78.30000000010924
90.35000000011198
102.37500000011471
115.15000000011761
118.47500000011837
124.22500000011968
126.85000000012027
130.12500000011858
133.3000000001157
135.8250000001134
138.5750000001109
142.50000000010732
147.5750000001027
8.125000000100073
20.875000000099348
37.40000000009994
41.05000000010077
51.85000000010323
75.87500000010868
78.35000000010925
90.37500000011198
102.25000000011468
115.17500000011762
118.45000000011837
124.05000000011964
126.72500000012025
129.9750000001187
133.22500000011576
135.75000000011346
138.42500000011103
142.25000000010755
147.20000000010305
8.150000000100071
20.925000000099345
37.15000000009989
40.60000000010067
51.95000000010325
75.77500000010866
78.25000000010922
90.35000000011198
102.22500000011468
115.02500000011759
118.12500000011829
123.10000000011942
126.42500000012018
129.60000000011905
133.15000000011582
135.7000000001135
138.37500000011107
142.0750000001077
146.7000000001035
8.025000000100079
20.950000000099344
37.30000000009992
40.85000000010073
52.02500000010327
75.87500000010868
78.37500000010925
90.425000000112
102.37500000011471
115.22500000011763
118.72500000011843
124.95000000011984
127.52500000012043
131.2000000001176
133.8250000001152
136.22500000011303
139.07500000011044
143.25000000010664
148.4750000001019
8.200000000100069
20.775000000099354
37.02500000009986
40.12500000010056
51.875000000103235
75.87500000010868
78.32500000010924
90.37500000011198
102.3500000001147
115.22500000011763
118.6000000001184
124.62500000011977
127.15000000012034
130.50000000011823
133.55000000011546
136.0500000001132
138.65000000011082
142.37500000010743
147.3750000001029
8.00000000010008
20.85000000009935
37.02500000009986
40.225000000100586
51.90000000010324
75.90000000010869
78.35000000010925
90.40000000011199
102.3500000001147
115.32500000011765
118.87500000011846
125.85000000012005
128.6750000001199
132.87500000011607
135.52500000011366
138.05000000011137
141.57500000010816
146.42500000010375
8.025000000100079
20.925000000099345
37.02500000009986
40.175000000100574
51.925000000103246
75.87500000010868
78.35000000010925
90.425000000112
102.3500000001147
115.15000000011761
118.37500000011835
123.9000000001196
126.70000000012024
129.95000000011873
133.4000000001156
135.9250000001133
138.5750000001109
142.4250000001074
147.60000000010268
8.125000000100073
20.950000000099344
36.925000000099836
40.10000000010056
52.02500000010327
75.85000000010868
78.35000000010925
90.425000000112
102.3000000001147
115.15000000011761
118.40000000011835
123.82500000011959
126.65000000012023
129.85000000011883
133.3000000001157
135.8000000001134
138.450000000111
142.15000000010764
146.95000000010327
8.075000000100076
21.00000000009934
37.450000000099955
41.72500000010093
52.1500000001033
75.90000000010869
78.45000000010927
90.450000000112
102.3000000001147
115.25000000011764
118.87500000011846
125.92500000012006
128.92500000011967
133.0750000001159
135.65000000011355
138.30000000011114
142.17500000010762
147.3500000001029
8.225000000100067
20.750000000099355
37.050000000099864
40.15000000010057
51.875000000103235
75.85000000010868
78.30000000010924
90.40000000011199
102.3000000001147
115.15000000011761
118.32500000011834
123.47500000011951
126.57500000012021
129.72500000011894
133.1750000001158
135.77500000011344
138.37500000011107
142.02500000010775
146.72500000010348
8.300000000100063
20.875000000099348
37.050000000099864
40.32500000010061
51.97500000010326
75.77500000010866
78.25000000010922
90.37500000011198
102.37500000011471
115.17500000011762
118.6000000001184
124.07500000011964
126.72500000012025
129.95000000011873
133.22500000011576
135.7000000001135
138.3500000001111
142.02500000010775
146.67500000010352
8.075000000100076
20.775000000099354
36.95000000009984
40.10000000010056
51.90000000010324
75.80000000010867
78.30000000010924
90.35000000011198
102.27500000011469
115.22500000011763
118.82500000011845
125.85000000012005
128.75000000011983
132.950000000116
135.55000000011364
138.15000000011128
141.8750000001079
146.95000000010327
8.225000000100067
20.750000000099355
37.37500000009994
40.925000000100745
51.875000000103235
75.80000000010867
78.27500000010923
90.32500000011197
102.22500000011468
115.0750000001176
118.27500000011833
123.80000000011958
126.60000000012022
129.80000000011887
133.22500000011576
135.72500000011348
138.3500000001111
142.12500000010766
147.10000000010314
7.97500000010008
20.875000000099348
37.32500000009993
40.975000000100756
51.95000000010325
75.90000000010869
78.37500000010925
90.37500000011198
102.3500000001147
115.12500000011761
118.37500000011835
124.20000000011967
126.77500000012026
130.05000000011864
133.32500000011566
135.8000000001134
138.50000000011096
142.50000000010732
147.82500000010248
8.125000000100073
20.975000000099342
37.2000000000999
40.60000000010067
52.00000000010326
75.90000000010869
78.37500000010925
90.425000000112
102.37500000011471
115.17500000011762
118.50000000011838
123.82500000011959
126.65000000012023
129.85000000011883
133.25000000011573
135.75000000011346
138.47500000011098
142.2000000001076
146.87500000010334
8.100000000100074
20.900000000099347
37.100000000099875
40.45000000010064
52.02500000010327
75.85000000010868
78.35000000010925
90.425000000112
102.40000000011472
115.20000000011763
118.70000000011842
125.45000000011996
128.17500000012035
132.42500000011648
135.0500000001141
137.55000000011182
141.05000000010864
146.0500000001041
8.025000000100079
20.725000000099357
37.17500000009989
40.47500000010064
51.875000000103235
75.77500000010866
78.22500000010922
90.35000000011198
102.22500000011468
115.15000000011761
118.6250000001184
125.02500000011986
127.60000000012045
131.3000000001175
133.87500000011516
136.22500000011303
139.02500000011048
143.1750000001067
148.4750000001019
8.075000000100076
20.82500000009935
37.050000000099864
40.12500000010056
51.875000000103235
75.85000000010868
78.32500000010924
90.37500000011198
102.27500000011469
115.17500000011762
118.50000000011838
124.7750000001198
127.27500000012037
130.80000000011796
133.55000000011546
136.07500000011316
138.87500000011062
143.0750000001068
148.62500000010175
8.025000000100079
20.85000000009935
37.02500000009986
40.20000000010058
51.925000000103246
75.85000000010868
78.32500000010924
90.40000000011199
102.27500000011469
115.12500000011761
118.37500000011835
123.62500000011954
126.57500000012021
129.80000000011887
133.25000000011573
135.77500000011344
138.37500000011107
142.02500000010775
146.75000000010346
8.150000000100071
20.875000000099348
37.17500000009989
40.37500000010062
51.90000000010324
75.82500000010867
78.27500000010923
90.37500000011198
102.37500000011471
115.22500000011763
118.6250000001184
124.17500000011967
126.80000000012026
129.9750000001187
133.2750000001157
135.77500000011344
138.450000000111
142.2000000001076
147.00000000010323
8.050000000100077
20.875000000099348
37.02500000009986
40.20000000010058
51.97500000010326
75.85000000010868
78.32500000010924
90.40000000011199
102.45000000011473
115.22500000011763
118.6000000001184
124.7750000001198
127.27500000012037
130.77500000011798
133.55000000011546
136.0500000001132
138.75000000011073
142.70000000010714
147.87500000010243
8.125000000100073
20.800000000099352
37.15000000009989
40.50000000010065
51.85000000010323
75.82500000010867
78.32500000010924
90.35000000011198
102.3500000001147
115.22500000011763
118.90000000011847
126.15000000012012
129.2250000001194
133.22500000011576
135.8000000001134
138.450000000111
142.37500000010743
147.87500000010243
8.17500000010007
20.900000000099347
37.050000000099864
40.350000000100614
52.02500000010327
75.82500000010867
78.32500000010924
90.425000000112
102.3000000001147
115.15000000011761
118.40000000011835
124.00000000011963
126.70000000012024
129.92500000011876
133.32500000011566
135.77500000011344
138.25000000011119
141.6500000001081
146.32500000010384
8.075000000100076
20.85000000009935
36.925000000099836
40.02500000010054
51.925000000103246
75.82500000010867
78.30000000010924
90.37500000011198
102.3500000001147
115.17500000011762
118.45000000011837
124.3000000001197
126.90000000012029
130.2000000001185
133.37500000011562
135.8250000001134
138.50000000011096
142.4000000001074
147.50000000010277
8.100000000100074
21.00000000009934
37.25000000009991
40.875000000100734
52.100000000103286
75.85000000010868
78.32500000010924
90.425000000112
102.3000000001147
115.17500000011762
118.52500000011838
124.17500000011967
126.80000000012026
130.07500000011862
133.32500000011566
135.87500000011335
138.5500000001109
142.32500000010748
147.27500000010298
8.075000000100076
20.82500000009935
36.95000000009984
40.050000000100546
51.90000000010324
75.77500000010866
78.22500000010922
90.37500000011198
102.27500000011469
115.25000000011764
118.92500000011847
125.1750000001199
127.77500000012049
131.50000000011732
134.02500000011503
136.40000000011287
139.25000000011028
143.4000000001065
148.60000000010177
8.050000000100077
20.82500000009935
36.925000000099836
39.97500000010053
51.875000000103235
75.77500000010866
78.22500000010922
90.32500000011197
102.37500000011471
115.17500000011762
118.42500000011836
123.47500000011951
126.5000000001202
129.57500000011908
133.0750000001159
135.57500000011362
138.07500000011134
141.4250000001083
145.77500000010434
8.125000000100073
20.900000000099347
37.275000000099915
40.575000000100665
51.90000000010324
75.87500000010868
78.32500000010924
90.40000000011199
102.37500000011471
115.25000000011764
118.70000000011842
124.7750000001198
127.25000000012037
130.62500000011812
133.55000000011546
136.0250000001132
138.72500000011075
142.6250000001072
147.6750000001026
8.075000000100076
21.02500000009934
37.17500000009989
40.875000000100734
52.1750000001033
75.9250000001087
78.45000000010927
90.50000000011201
102.3500000001147
115.25000000011764
118.82500000011845
125.32500000011993
128.05000000012046
132.2000000001167
134.8250000001143
137.27500000011207
140.52500000010912
145.1500000001049
8.00000000010008
20.67500000009936
36.85000000009982
39.8500000001005
51.80000000010322
75.77500000010866
78.22500000010922
90.30000000011196
102.20000000011467
115.12500000011761
118.47500000011837
124.92500000011984
127.45000000012041
131.05000000011773
133.65000000011537
136.0250000001132
138.82500000011066
143.00000000010687
148.42500000010193
8.150000000100071
20.900000000099347
37.02500000009986
40.20000000010058
51.97500000010326
75.90000000010869
78.37500000010925
90.475000000112
102.27500000011469
115.17500000011762
118.45000000011837
124.10000000011965
126.80000000012026
130.05000000011864
133.42500000011557
135.95000000011328
138.65000000011082
142.47500000010734
147.50000000010277
8.050000000100077
20.925000000099345
37.40000000009994
41.05000000010077
52.07500000010328
75.85000000010868
78.32500000010924
90.425000000112
102.37500000011471
115.22500000011763
118.77500000011844
125.32500000011993
128.0000000001205
132.02500000011685
134.6000000001145
137.00000000011232
140.15000000010946
144.7250000001053
8.150000000100071
21.02500000009934
37.07500000009987
40.47500000010064
52.12500000010329
75.82500000010867
78.32500000010924
90.425000000112
102.37500000011471
115.15000000011761
118.42500000011836
123.75000000011957
126.60000000012022
129.82500000011885
133.25000000011573
135.72500000011348
138.30000000011114
141.82500000010793
146.40000000010377
8.125000000100073
21.00000000009934
37.275000000099915
41.00000000010076
52.100000000103286
75.90000000010869
78.42500000010926
90.450000000112
102.3000000001147
115.17500000011762
118.47500000011837
124.20000000011967
126.87500000012028
130.25000000011846
133.4000000001156
136.00000000011323
138.7750000001107
142.72500000010712
147.72500000010257
8.17500000010007
21.00000000009934
37.25000000009991
40.7250000001007
52.050000000103275
75.9250000001087
78.42500000010926
90.475000000112
102.47500000011473
115.35000000011766
119.0250000001185
125.95000000012007
128.82500000011976
133.0750000001159
135.6000000001136
138.17500000011125
141.90000000010787
146.85000000010336
8.100000000100074
20.875000000099348
37.100000000099875
40.32500000010061
51.925000000103246
75.87500000010868
78.32500000010924
90.425000000112
102.42500000011472
115.22500000011763
118.6000000001184
124.3000000001197
126.85000000012027
130.07500000011862
133.32500000011566
135.8250000001134
138.32500000011112
141.80000000010796
146.4750000001037
8.125000000100073
20.900000000099347
37.450000000099955
40.925000000100745
51.90000000010324
75.85000000010868
78.30000000010924
90.37500000011198
102.27500000011469
115.17500000011762
118.35000000011834
123.30000000011947
126.47500000012019
129.57500000011908
133.15000000011582
135.67500000011353
138.30000000011114
141.92500000010784
146.55000000010364
8.075000000100076
21.050000000099338
37.75000000010002
52.20000000010331
75.97500000010871
78.50000000010928
90.50000000011201
102.42500000011472
115.22500000011763
118.6250000001184
124.92500000011984
127.50000000012042
131.3000000001175
133.92500000011512
136.3750000001129
139.20000000011032
143.47500000010643
149.07500000010134
8.050000000100077
20.900000000099347
37.07500000009987
40.400000000100626
51.95000000010325
75.80000000010867
78.27500000010923
90.37500000011198
102.22500000011468
115.22500000011763
118.87500000011846
125.55000000011998
128.30000000012024
132.47500000011644
135.150000000114
137.62500000011175
141.02500000010866
145.7250000001044
8.125000000100073
20.975000000099342
37.225000000099904
40.65000000010068
52.00000000010326
75.87500000010868
78.35000000010925
90.450000000112
102.3500000001147
115.30000000011765
118.87500000011846
125.00000000011985
127.57500000012044
131.17500000011762
133.77500000011526
136.17500000011307
139.02500000011048
143.0750000001068
148.07500000010225
8.300000000100063
20.875000000099348
37.17500000009989
40.80000000010072
52.00000000010326
75.82500000010867
78.35000000010925
90.37500000011198
102.25000000011468
115.12500000011761
118.50000000011838
125.57500000011999
128.37500000012017
132.77500000011617
135.42500000011376
138.0000000001114
141.67500000010807
146.8000000001034
8.00000000010008
20.750000000099355
37.100000000099875
40.20000000010058
51.85000000010323
75.82500000010867
78.27500000010923
90.37500000011198
102.40000000011472
115.20000000011763
118.52500000011838
124.3000000001197
126.85000000012027
130.05000000011864
133.32500000011566
135.77500000011344
138.30000000011114
141.8500000001079
146.65000000010355
8.17500000010007
20.82500000009935
37.050000000099864
40.3000000001006
51.82500000010322
75.80000000010867
78.27500000010923
90.32500000011197
102.25000000011468
115.05000000011759
118.1500000001183
123.20000000011945
126.42500000012018
129.57500000011908
133.0750000001159
135.6000000001136
138.1250000001113
141.60000000010814
146.17500000010398
8.225000000100067
20.925000000099345
37.32500000009993
41.00000000010076
52.02500000010327
75.82500000010867
78.32500000010924
90.40000000011199
102.37500000011471
115.25000000011764
119.0500000001185
126.0750000001201
129.17500000011944
133.0750000001159
135.67500000011353
138.3500000001111
142.2000000001076
147.250000000103
8.150000000100071
20.82500000009935
36.925000000099836
40.12500000010056
51.875000000103235
75.82500000010867
78.35000000010925
90.32500000011197
102.3000000001147
115.20000000011763
118.85000000011846
126.17500000012012
129.30000000011933
133.15000000011582
135.7000000001135
138.47500000011098
142.7500000001071
148.60000000010177
