9.675000000099985
39.37500000010039
59.400000000104946
75.87500000010868
93.42500000011268
9.57500000009999
39.37500000010039
59.32500000010493
75.60000000010862
93.70000000011274
9.725000000099982
39.52500000010043
59.45000000010496
88.00000000011144
9.650000000099986
39.50000000010042
59.37500000010494
75.62500000010863
94.17500000011285
9.675000000099985
39.250000000100364
59.400000000104946
75.77500000010866
93.27500000011264
9.550000000099992
39.45000000010041
59.32500000010493
75.62500000010863
94.05000000011282
9.650000000099986
39.250000000100364
59.400000000104946
75.75000000010866
94.0000000001128
9.75000000009998
39.45000000010041
59.47500000010496
76.00000000010871
93.80000000011276
9.675000000099985
39.22500000010036
59.37500000010494
75.5250000001086
94.12500000011283
9.700000000099983
39.35000000010039
59.42500000010495
75.85000000010868
93.90000000011278
9.57500000009999
39.35000000010039
59.32500000010493
75.67500000010864
93.82500000011277
9.675000000099985
39.57500000010044
59.400000000104946
76.22500000010876
92.70000000011251
9.650000000099986
39.45000000010041
59.350000000104934
87.8250000001114
9.700000000099983
39.32500000010038
59.42500000010495
90.8750000001121
9.725000000099982
39.72500000010047
59.400000000104946
76.20000000010876
92.90000000011256
9.625000000099988
39.37500000010039
59.350000000104934
75.62500000010863
94.20000000011285
9.650000000099986
39.35000000010039
59.37500000010494
75.62500000010863
94.32500000011288
9.725000000099982
39.35000000010039
59.42500000010495
75.70000000010864
94.02500000011281
9.650000000099986
39.50000000010042
59.37500000010494
75.82500000010867
93.65000000011273
9.700000000099983
39.425000000100404
59.42500000010495
75.70000000010864
94.35000000011289
9.75000000009998
39.250000000100364
59.45000000010496
75.90000000010869
93.47500000011269
9.725000000099982
39.45000000010041
59.42500000010495
75.77500000010866
94.12500000011283
9.650000000099986
39.22500000010036
59.400000000104946
75.60000000010862
94.20000000011285
9.700000000099983
39.32500000010038
59.42500000010495
75.57500000010862
94.35000000011289
9.650000000099986
39.300000000100376
59.400000000104946
75.70000000010864
94.15000000011284
9.700000000099983
39.4000000001004
59.350000000104934
75.55000000010861
93.9500000001128
9.600000000099989
39.250000000100364
59.37500000010494
75.60000000010862
94.0000000001128
9.650000000099986
39.37500000010039
59.37500000010494
75.87500000010868
93.20000000011262
9.675000000099985
39.4000000001004
59.400000000104946
88.75000000011161
9.675000000099985
39.32500000010038
59.42500000010495
75.67500000010864
94.02500000011281
9.700000000099983
39.300000000100376
59.45000000010496
75.77500000010866
93.62500000011272
9.700000000099983
39.475000000100415
59.400000000104946
75.70000000010864
94.20000000011285
9.675000000099985
39.4000000001004
59.37500000010494
75.90000000010869
93.15000000011261
9.650000000099986
39.32500000010038
59.32500000010493
75.67500000010864
93.57500000011271
9.700000000099983
39.52500000010043
59.37500000010494
75.85000000010868
94.25000000011286
9.525000000099993
39.300000000100376
59.32500000010493
75.67500000010864
93.82500000011277
9.675000000099985
39.4000000001004
59.42500000010495
75.9500000001087
93.90000000011278
9.725000000099982
39.50000000010042
59.42500000010495
75.85000000010868
94.0000000001128
9.675000000099985
39.37500000010039
59.400000000104946
76.17500000010875
92.35000000011243
9.700000000099983
39.57500000010044
59.400000000104946
75.9250000001087
93.5250000001127
9.700000000099983
39.37500000010039
59.42500000010495
75.9250000001087
93.60000000011271
9.600000000099989
39.35000000010039
59.32500000010493
75.75000000010866
93.27500000011264
9.700000000099983
39.32500000010038
59.400000000104946
75.67500000010864
94.10000000011283
9.675000000099985
39.475000000100415
59.400000000104946
75.72500000010865
94.17500000011285
9.700000000099983
39.27500000010037
59.42500000010495
75.77500000010866
93.60000000011271
9.675000000099985
39.4000000001004
59.37500000010494
75.65000000010863
93.92500000011279
9.625000000099988
39.300000000100376
59.37500000010494
75.90000000010869
93.17500000011262
9.650000000099986
39.4000000001004
59.350000000104934
75.60000000010862
94.17500000011285
9.775000000099979
39.4000000001004
59.45000000010496
76.00000000010871
93.05000000011259
9.700000000099983
39.425000000100404
59.42500000010495
87.70000000011137
9.725000000099982
39.4000000001004
59.400000000104946
75.9250000001087
93.1000000001126
9.700000000099983
39.70000000010047
59.37500000010494
75.75000000010866
94.02500000011281
9.650000000099986
39.425000000100404
59.350000000104934
75.5250000001086
94.05000000011282
9.625000000099988
39.35000000010039
59.400000000104946
75.72500000010865
94.07500000011282
9.650000000099986
39.250000000100364
59.37500000010494
75.5000000001086
94.17500000011285
9.650000000099986
39.35000000010039
59.400000000104946
75.80000000010867
93.40000000011267
9.700000000099983
39.32500000010038
59.37500000010494
75.62500000010863
94.05000000011282
9.675000000099985
39.45000000010041
59.400000000104946
76.15000000010875
92.45000000011245
9.725000000099982
39.475000000100415
59.42500000010495
88.05000000011145
9.775000000099979
39.67500000010046
59.45000000010496
75.87500000010868
94.15000000011284
9.75000000009998
39.67500000010046
59.45000000010496
88.00000000011144
9.75000000009998
39.52500000010043
59.45000000010496
75.97500000010871
93.62500000011272
9.700000000099983
39.27500000010037
59.400000000104946
75.77500000010866
93.87500000011278
9.600000000099989
39.27500000010037
59.32500000010493
75.55000000010861
94.12500000011283
9.675000000099985
39.50000000010042
59.400000000104946
75.9250000001087
93.1000000001126
9.675000000099985
39.600000000100444
59.400000000104946
75.97500000010871
93.75000000011275
9.700000000099983
39.50000000010042
59.400000000104946
76.00000000010871
93.32500000011265
9.600000000099989
39.22500000010036
59.350000000104934
75.80000000010867
93.40000000011267
9.650000000099986
39.475000000100415
59.37500000010494
75.80000000010867
94.07500000011282
9.725000000099982
39.300000000100376
59.42500000010495
75.75000000010866
93.87500000011278
9.675000000099985
39.4000000001004
59.350000000104934
75.62500000010863
93.9750000001128
9.700000000099983
39.20000000010035
59.400000000104946
75.5250000001086
94.20000000011285
9.700000000099983
39.250000000100364
59.400000000104946
75.67500000010864
93.57500000011271
9.700000000099983
39.475000000100415
59.400000000104946
75.87500000010868
93.5250000001127
9.700000000099983
39.45000000010041
59.45000000010496
76.17500000010875
92.82500000011254
9.625000000099988
39.52500000010043
59.37500000010494
87.77500000011139
9.700000000099983
39.62500000010045
59.37500000010494
76.42500000010881
91.85000000011232
9.700000000099983
39.27500000010037
59.37500000010494
75.57500000010862
93.67500000011273
9.700000000099983
39.35000000010039
59.400000000104946
75.77500000010866
93.57500000011271
9.650000000099986
39.4000000001004
59.37500000010494
75.9500000001087
93.32500000011265
9.700000000099983
39.62500000010045
59.350000000104934
75.4750000001086
94.32500000011288
9.700000000099983
39.50000000010042
59.42500000010495
76.07500000010873
93.15000000011261
9.675000000099985
39.37500000010039
59.400000000104946
75.62500000010863
94.17500000011285
9.675000000099985
39.425000000100404
59.37500000010494
75.70000000010864
93.87500000011278
9.650000000099986
39.37500000010039
59.37500000010494
75.77500000010866
93.65000000011273
9.675000000099985
39.475000000100415
59.37500000010494
75.72500000010865
93.82500000011277
9.675000000099985
39.600000000100444
59.400000000104946
75.72500000010865
94.17500000011285
9.700000000099983
39.27500000010037
59.42500000010495
76.15000000010875
92.40000000011244
9.650000000099986
39.32500000010038
59.350000000104934
75.5250000001086
94.05000000011282
9.625000000099988
39.45000000010041
59.37500000010494
76.22500000010876
92.32500000011242
9.650000000099986
39.125000000100336
59.350000000104934
75.65000000010863
93.80000000011276
9.650000000099986
39.50000000010042
59.37500000010494
75.87500000010868
93.82500000011277
9.675000000099985
39.425000000100404
59.400000000104946
75.77500000010866
94.0000000001128
9.675000000099985
39.4000000001004
59.400000000104946
75.77500000010866
94.0000000001128
9.725000000099982
39.50000000010042
59.45000000010496
87.62500000011136
9.650000000099986
39.35000000010039
59.37500000010494
75.70000000010864
93.92500000011279
9.650000000099986
39.475000000100415
59.350000000104934
75.85000000010868
93.32500000011265
9.625000000099988
39.37500000010039
59.350000000104934
75.65000000010863
93.87500000011278
9.675000000099985
39.4000000001004
59.37500000010494
75.70000000010864
93.42500000011268
9.725000000099982
39.55000000010043
59.42500000010495
75.72500000010865
94.22500000011286
9.675000000099985
39.50000000010042
59.400000000104946
87.75000000011138
9.625000000099988
39.300000000100376
59.37500000010494
75.77500000010866
93.80000000011276
9.775000000099979
39.425000000100404
59.45000000010496
76.35000000010879
91.95000000011234
9.675000000099985
39.27500000010037
59.400000000104946
76.05000000010872
92.52500000011247
9.700000000099983
39.32500000010038
59.42500000010495
75.77500000010866
93.87500000011278
9.75000000009998
39.57500000010044
59.42500000010495
75.9250000001087
93.72500000011274
9.725000000099982
39.37500000010039
59.50000000010497
76.12500000010874
93.27500000011264
9.650000000099986
39.50000000010042
59.400000000104946
75.90000000010869
93.50000000011269
9.675000000099985
39.22500000010036
59.42500000010495
75.62500000010863
93.92500000011279
9.675000000099985
39.425000000100404
59.400000000104946
75.9250000001087
93.32500000011265
9.625000000099988
39.55000000010043
59.350000000104934
75.80000000010867
93.80000000011276
9.600000000099989
39.45000000010041
59.350000000104934
75.72500000010865
94.05000000011282
9.75000000009998
39.45000000010041
59.42500000010495
75.82500000010867
93.77500000011275
9.600000000099989
39.250000000100364
59.32500000010493
75.57500000010862
94.07500000011282
9.700000000099983
39.4000000001004
59.42500000010495
75.9250000001087
93.62500000011272
9.600000000099989
39.45000000010041
59.350000000104934
75.67500000010864
94.22500000011286
9.700000000099983
39.50000000010042
59.42500000010495
76.27500000010878
92.37500000011244
9.775000000099979
39.650000000100455
59.45000000010496
76.50000000010883
92.15000000011239
9.675000000099985
39.425000000100404
59.400000000104946
75.85000000010868
93.32500000011265
9.725000000099982
39.50000000010042
59.400000000104946
75.87500000010868
93.50000000011269
9.650000000099986
39.17500000010035
59.400000000104946
75.60000000010862
93.9500000001128
9.700000000099983
39.22500000010036
59.400000000104946
75.5250000001086
94.35000000011289
9.75000000009998
39.50000000010042
59.45000000010496
75.87500000010868
93.85000000011277
9.675000000099985
39.45000000010041
59.42500000010495
75.77500000010866
94.05000000011282
9.700000000099983
39.300000000100376
59.42500000010495
75.67500000010864
94.10000000011283
9.650000000099986
39.4000000001004
59.37500000010494
87.72500000011138
9.775000000099979
39.37500000010039
59.45000000010496
76.17500000010875
93.02500000011258
9.725000000099982
39.37500000010039
59.47500000010496
87.70000000011137
9.600000000099989
39.250000000100364
59.32500000010493
75.57500000010862
93.92500000011279
9.700000000099983
39.475000000100415
59.400000000104946
87.85000000011141
9.675000000099985
39.32500000010038
59.400000000104946
75.90000000010869
93.35000000011266
9.675000000099985
39.600000000100444
59.400000000104946
76.65000000010886
91.60000000011226
9.725000000099982
39.27500000010037
59.400000000104946
75.75000000010866
93.75000000011275
9.725000000099982
39.4000000001004
59.45000000010496
75.82500000010867
93.92500000011279
9.700000000099983
39.45000000010041
59.42500000010495
76.10000000010874
92.80000000011253
9.625000000099988
39.4000000001004
59.350000000104934
76.05000000010872
93.27500000011264
9.700000000099983
39.57500000010044
59.400000000104946
76.25000000010877
92.55000000011248
9.700000000099983
39.45000000010041
59.400000000104946
75.9500000001087
93.17500000011262
9.675000000099985
39.20000000010035
59.350000000104934
75.72500000010865
93.00000000011258
9.600000000099989
39.27500000010037
59.37500000010494
75.70000000010864
94.17500000011285
9.75000000009998
39.475000000100415
59.45000000010496
75.82500000010867
93.72500000011274
9.57500000009999
39.4000000001004
59.400000000104946
75.67500000010864
94.25000000011286
9.675000000099985
39.475000000100415
59.400000000104946
75.72500000010865
93.87500000011278
9.700000000099983
39.52500000010043
59.400000000104946
88.10000000011146
9.625000000099988
39.27500000010037
59.350000000104934
75.45000000010859
94.45000000011291
9.650000000099986
39.250000000100364
59.32500000010493
75.55000000010861
93.9750000001128
9.700000000099983
39.35000000010039
59.42500000010495
75.75000000010866
93.9750000001128
9.700000000099983
39.52500000010043
59.400000000104946
75.85000000010868
93.80000000011276
9.700000000099983
39.35000000010039
59.400000000104946
75.72500000010865
93.87500000011278
9.75000000009998
39.50000000010042
59.42500000010495
75.82500000010867
93.67500000011273
9.700000000099983
39.15000000010034
59.400000000104946
75.55000000010861
93.9500000001128
9.650000000099986
39.35000000010039
59.37500000010494
75.70000000010864
94.37500000011289
9.600000000099989
39.37500000010039
59.37500000010494
75.80000000010867
93.70000000011274
9.600000000099989
39.250000000100364
59.32500000010493
75.90000000010869
93.02500000011258
9.75000000009998
39.425000000100404
59.47500000010496
87.95000000011143
9.650000000099986
39.475000000100415
59.350000000104934
75.70000000010864
93.82500000011277
9.75000000009998
39.57500000010044
59.42500000010495
75.9250000001087
93.90000000011278
9.675000000099985
39.475000000100415
59.350000000104934
75.60000000010862
94.05000000011282
9.700000000099983
39.4000000001004
59.400000000104946
75.75000000010866
94.12500000011283
9.650000000099986
39.45000000010041
59.400000000104946
76.07500000010873
92.77500000011253
9.625000000099988
39.27500000010037
59.37500000010494
75.62500000010863
94.15000000011284
9.75000000009998
39.4000000001004
59.45000000010496
76.02500000010872
92.82500000011254
9.675000000099985
39.425000000100404
59.400000000104946
75.70000000010864
93.92500000011279
9.725000000099982
39.250000000100364
59.400000000104946
75.55000000010861
94.07500000011282
9.775000000099979
39.75000000010048
59.400000000104946
75.77500000010866
93.9750000001128
9.600000000099989
39.35000000010039
59.37500000010494
75.87500000010868
93.42500000011268
9.600000000099989
39.27500000010037
59.350000000104934
75.67500000010864
93.90000000011278
9.700000000099983
39.32500000010038
59.42500000010495
75.80000000010867
93.45000000011268
9.675000000099985
39.300000000100376
59.400000000104946
75.77500000010866
93.70000000011274
9.75000000009998
39.45000000010041
59.400000000104946
75.75000000010866
93.80000000011276
9.700000000099983
39.300000000100376
59.42500000010495
75.67500000010864
94.05000000011282
9.600000000099989
39.27500000010037
59.37500000010494
75.82500000010867
93.1250000001126
9.650000000099986
39.35000000010039
59.400000000104946
87.57500000011134
9.625000000099988
39.4000000001004
59.37500000010494
75.9500000001087
93.17500000011262
9.700000000099983
39.425000000100404
59.42500000010495
87.55000000011134
9.675000000099985
39.475000000100415
59.400000000104946
75.72500000010865
94.07500000011282
9.700000000099983
39.50000000010042
59.400000000104946
75.9500000001087
93.02500000011258
9.650000000099986
39.300000000100376
59.37500000010494
75.65000000010863
93.87500000011278
9.700000000099983
39.425000000100404
59.45000000010496
75.87500000010868
93.92500000011279
9.650000000099986
39.4000000001004
59.37500000010494
87.62500000011136
9.600000000099989
39.475000000100415
59.30000000010492
76.45000000010882
91.17500000011216
9.625000000099988
39.45000000010041
59.37500000010494
76.22500000010876
92.37500000011244
9.700000000099983
39.37500000010039
59.42500000010495
76.02500000010872
93.00000000011258
9.650000000099986
39.37500000010039
59.400000000104946
75.67500000010864
94.15000000011284
9.650000000099986
39.4000000001004
59.350000000104934
75.67500000010864
93.92500000011279
9.650000000099986
39.300000000100376
59.42500000010495
75.82500000010867
93.80000000011276
9.675000000099985
39.35000000010039
59.45000000010496
76.02500000010872
93.02500000011258
9.675000000099985
39.4000000001004
59.37500000010494
75.62500000010863
94.05000000011282
9.675000000099985
39.50000000010042
59.45000000010496
88.02500000011145
9.700000000099983
39.35000000010039
59.37500000010494
75.62500000010863
93.80000000011276
9.650000000099986
39.52500000010043
59.400000000104946
75.77500000010866
94.12500000011283
9.675000000099985
39.425000000100404
59.42500000010495
75.60000000010862
94.32500000011288
9.725000000099982
39.600000000100444
59.42500000010495
87.85000000011141
9.625000000099988
39.37500000010039
59.350000000104934
75.65000000010863
93.90000000011278
9.75000000009998
39.600000000100444
59.42500000010495
76.02500000010872
93.22500000011263
9.725000000099982
39.300000000100376
59.42500000010495
75.62500000010863
94.12500000011283
9.675000000099985
39.55000000010043
59.37500000010494
75.67500000010864
94.02500000011281
9.650000000099986
39.300000000100376
59.400000000104946
75.65000000010863
93.92500000011279
9.725000000099982
39.45000000010041
59.400000000104946
75.82500000010867
93.20000000011262
9.675000000099985
39.475000000100415
59.400000000104946
75.97500000010871
93.47500000011269
9.675000000099985
39.475000000100415
59.37500000010494
75.72500000010865
93.90000000011278
9.725000000099982
39.4000000001004
59.47500000010496
75.85000000010868
94.05000000011282
9.700000000099983
39.27500000010037
59.42500000010495
75.87500000010868
93.42500000011268
9.675000000099985
39.57500000010044
59.37500000010494
76.12500000010874
92.95000000011257
9.650000000099986
39.425000000100404
59.400000000104946
75.85000000010868
93.60000000011271
9.625000000099988
39.20000000010035
59.32500000010493
75.4750000001086
94.25000000011286
9.625000000099988
39.50000000010042
59.37500000010494
76.20000000010876
92.55000000011248
9.75000000009998
39.425000000100404
59.45000000010496
75.9250000001087
93.25000000011264
9.75000000009998
39.250000000100364
59.42500000010495
75.75000000010866
94.12500000011283
9.675000000099985
39.4000000001004
59.400000000104946
87.95000000011143
9.625000000099988
39.27500000010037
59.37500000010494
75.4750000001086
94.45000000011291
9.650000000099986
39.37500000010039
59.350000000104934
75.65000000010863
94.07500000011282
9.600000000099989
39.425000000100404
59.32500000010493
75.5000000001086
94.20000000011285
9.700000000099983
39.45000000010041
59.42500000010495
75.75000000010866
94.0000000001128
9.625000000099988
39.250000000100364
59.37500000010494
75.72500000010865
93.72500000011274
9.650000000099986
39.250000000100364
59.37500000010494
75.4750000001086
94.10000000011283
9.675000000099985
39.32500000010038
59.37500000010494
75.62500000010863
94.05000000011282
9.625000000099988
39.250000000100364
59.32500000010493
75.60000000010862
93.85000000011277
9.700000000099983
39.37500000010039
59.42500000010495
76.00000000010871
93.1250000001126
9.75000000009998
39.600000000100444
59.400000000104946
76.17500000010875
92.17500000011239
9.600000000099989
39.300000000100376
59.30000000010492
75.5000000001086
94.0000000001128
9.700000000099983
39.300000000100376
59.42500000010495
76.02500000010872
92.80000000011253
9.650000000099986
39.32500000010038
59.400000000104946
75.77500000010866
94.02500000011281
9.675000000099985
39.45000000010041
59.37500000010494
76.10000000010874
92.52500000011247
9.700000000099983
39.250000000100364
59.42500000010495
75.82500000010867
93.72500000011274
9.700000000099983
39.37500000010039
59.400000000104946
75.67500000010864
94.12500000011283
9.600000000099989
39.35000000010039
59.32500000010493
75.82500000010867
93.47500000011269
9.675000000099985
39.37500000010039
59.400000000104946
76.10000000010874
93.02500000011258
9.725000000099982
39.4000000001004
59.42500000010495
75.82500000010867
93.42500000011268
9.75000000009998
39.4000000001004
59.45000000010496
75.9250000001087
93.70000000011274
9.675000000099985
39.62500000010045
59.350000000104934
75.72500000010865
93.90000000011278
9.650000000099986
39.35000000010039
59.37500000010494
75.85000000010868
93.45000000011268
9.650000000099986
39.4000000001004
59.350000000104934
75.57500000010862
94.12500000011283
9.700000000099983
39.32500000010038
59.42500000010495
75.77500000010866
94.05000000011282
9.675000000099985
39.425000000100404
59.400000000104946
75.62500000010863
94.22500000011286
9.675000000099985
39.300000000100376
59.350000000104934
75.77500000010866
93.50000000011269
9.650000000099986
39.52500000010043
59.37500000010494
75.62500000010863
94.32500000011288
9.650000000099986
39.27500000010037
59.37500000010494
75.62500000010863
94.15000000011284
9.675000000099985
39.425000000100404
59.42500000010495
76.57500000010884
91.62500000011227
9.700000000099983
39.425000000100404
59.42500000010495
75.72500000010865
94.15000000011284
