15.675000000099644
26.82500000009901
35.35000000009948
44.50000000010156
58.97500000010485
71.35000000010766
74.82500000010845
83.65000000011045
88.17500000011148
97.15000000011352
109.10000000011624
122.67500000011933
134.2750000001148
148.9000000001015
15.675000000099644
26.67500000009902
35.37500000009948
44.50000000010156
59.02500000010486
71.37500000010766
74.90000000010846
83.62500000011045
88.2500000001115
97.17500000011353
109.10000000011624
122.67500000011933
134.3750000001147
148.95000000010145
15.775000000099638
26.85000000009901
35.40000000009949
44.750000000101615
59.02500000010486
71.45000000010768
75.30000000010855
84.77500000011071
97.20000000011353
109.22500000011627
122.85000000011937
134.30000000011478
148.97500000010143
15.72500000009964
26.82500000009901
35.37500000009948
44.55000000010157
59.02500000010486
71.45000000010768
74.90000000010846
84.42500000011063
97.22500000011354
109.22500000011627
122.70000000011933
134.4000000001147
148.97500000010143
15.650000000099645
26.600000000099023
35.27500000009946
44.42500000010154
58.95000000010484
71.32500000010765
74.70000000010842
83.57500000011044
87.70000000011137
97.10000000011351
109.07500000011623
122.5750000001193
134.1750000001149
148.87500000010152
15.700000000099642
26.80000000009901
35.4500000000995
44.65000000010159
59.07500000010487
71.47500000010768
75.32500000010856
83.92500000011051
88.47500000011155
97.25000000011354
109.25000000011627
122.82500000011936
134.3750000001147
149.0250000001014
15.700000000099642
26.82500000009901
35.40000000009949
44.60000000010158
59.02500000010486
71.45000000010768
75.10000000010851
83.97500000011053
88.42500000011154
97.22500000011354
109.22500000011627
122.80000000011935
134.45000000011464
149.0000000001014
15.72500000009964
26.775000000099013
35.425000000099494
44.60000000010158
59.02500000010486
71.35000000010766
74.90000000010846
83.90000000011051
88.47500000011155
97.12500000011352
109.12500000011624
122.77500000011935
134.30000000011478
148.95000000010145
15.600000000099648
26.600000000099023
35.425000000099494
44.55000000010157
58.92500000010484
71.32500000010765
74.75000000010843
83.55000000011043
87.97500000011144
97.12500000011352
109.10000000011624
122.62500000011931
134.30000000011478
148.95000000010145
15.675000000099644
26.750000000099014
35.425000000099494
44.525000000101564
58.95000000010484
71.37500000010766
74.85000000010845
84.02500000011054
88.32500000011152
97.12500000011352
109.10000000011624
122.72500000011934
134.42500000011466
149.0000000001014
15.675000000099644
26.725000000099016
35.300000000099466
44.50000000010156
58.92500000010484
71.30000000010764
74.6250000001084
83.92500000011051
88.22500000011149
97.0500000001135
109.02500000011622
122.62500000011931
134.2750000001148
148.87500000010152
15.675000000099644
26.725000000099016
35.35000000009948
44.50000000010156
58.97500000010485
71.37500000010766
74.95000000010847
83.77500000011048
88.40000000011153
97.12500000011352
109.17500000011626
122.87500000011937
134.35000000011473
148.97500000010143
15.650000000099645
26.700000000099017
35.40000000009949
44.47500000010155
58.97500000010485
71.35000000010766
74.75000000010843
83.60000000011044
87.97500000011144
97.15000000011352
109.10000000011624
122.85000000011937
134.35000000011473
148.95000000010145
15.700000000099642
26.67500000009902
35.37500000009948
44.525000000101564
58.97500000010485
71.32500000010765
74.70000000010842
84.40000000011062
97.10000000011351
109.10000000011624
122.72500000011934
134.30000000011478
148.97500000010143
15.57500000009965
26.65000000009902
35.425000000099494
44.45000000010155
58.95000000010484
71.35000000010766
74.87500000010846
83.82500000011049
88.20000000011149
97.10000000011351
109.07500000011623
122.70000000011933
134.4000000001147
149.0000000001014
15.600000000099648
26.67500000009902
35.40000000009949
44.50000000010156
58.90000000010483
71.30000000010764
74.6500000001084
83.80000000011049
88.37500000011153
97.0750000001135
109.10000000011624
122.70000000011933
134.32500000011476
148.95000000010145
15.700000000099642
26.80000000009901
35.32500000009947
44.60000000010158
59.000000000104855
71.37500000010766
74.80000000010844
84.10000000011055
97.15000000011352
109.15000000011625
122.72500000011934
134.2750000001148
148.92500000010148
15.75000000009964
26.750000000099014
35.32500000009947
44.55000000010157
58.95000000010484
71.32500000010765
74.87500000010846
83.8500000001105
88.2750000001115
97.0750000001135
109.05000000011623
122.67500000011933
134.20000000011487
148.87500000010152
15.600000000099648
26.875000000099007
35.27500000009946
44.47500000010155
58.90000000010483
71.32500000010765
74.67500000010841
83.80000000011049
88.05000000011145
97.0750000001135
109.05000000011623
122.67500000011933
134.32500000011476
148.92500000010148
15.72500000009964
26.725000000099016
35.35000000009948
44.55000000010157
58.97500000010485
71.32500000010765
74.77500000010843
83.70000000011046
88.20000000011149
97.10000000011351
109.02500000011622
122.77500000011935
134.30000000011478
148.92500000010148
15.75000000009964
26.85000000009901
35.40000000009949
44.575000000101575
58.97500000010485
71.40000000010767
74.90000000010846
83.92500000011051
88.35000000011152
97.15000000011352
109.15000000011625
122.70000000011933
134.32500000011476
148.97500000010143
15.625000000099647
26.82500000009901
35.425000000099494
44.55000000010157
58.92500000010484
71.37500000010766
74.82500000010845
84.00000000011053
88.32500000011152
97.12500000011352
109.10000000011624
122.85000000011937
134.32500000011476
148.95000000010145
15.72500000009964
26.700000000099017
35.35000000009948
44.575000000101575
59.000000000104855
71.45000000010768
74.97500000010848
83.72500000011047
88.20000000011149
97.15000000011352
109.17500000011626
122.5750000001193
134.2750000001148
148.95000000010145
15.600000000099648
26.725000000099016
35.40000000009949
44.50000000010156
58.95000000010484
71.32500000010765
74.67500000010841
84.12500000011056
88.52500000011156
97.0750000001135
109.05000000011623
122.72500000011934
134.4000000001147
148.97500000010143
15.75000000009964
26.85000000009901
35.35000000009948
44.60000000010158
59.02500000010486
71.37500000010766
74.90000000010846
84.65000000011068
97.17500000011353
109.12500000011624
122.77500000011935
134.35000000011473
148.95000000010145
15.600000000099648
26.62500000009902
35.35000000009948
44.47500000010155
58.92500000010484
71.35000000010766
74.80000000010844
83.82500000011049
88.20000000011149
97.10000000011351
109.05000000011623
122.5750000001193
134.4000000001147
148.95000000010145
15.72500000009964
26.775000000099013
35.32500000009947
44.50000000010156
59.050000000104866
71.37500000010766
74.82500000010845
83.80000000011049
88.02500000011145
97.12500000011352
109.10000000011624
122.72500000011934
134.30000000011478
148.97500000010143
15.625000000099647
26.80000000009901
35.425000000099494
44.575000000101575
58.97500000010485
71.37500000010766
75.00000000010849
84.35000000011061
97.12500000011352
109.10000000011624
122.85000000011937
134.47500000011462
149.0250000001014
15.675000000099644
26.85000000009901
35.37500000009948
44.50000000010156
59.000000000104855
71.35000000010766
74.90000000010846
84.17500000011057
88.60000000011158
97.10000000011351
109.07500000011623
122.75000000011934
134.35000000011473
148.95000000010145
15.650000000099645
26.725000000099016
35.300000000099466
44.50000000010156
58.92500000010484
71.35000000010766
74.70000000010842
83.75000000011048
88.07500000011146
97.10000000011351
109.05000000011623
122.72500000011934
134.25000000011482
148.92500000010148
15.650000000099645
26.775000000099013
35.37500000009948
44.45000000010155
49.57500000010271
58.95000000010484
71.30000000010764
74.6000000001084
83.82500000011049
87.87500000011141
97.0750000001135
109.05000000011623
122.72500000011934
134.4000000001147
148.97500000010143
15.650000000099645
26.725000000099016
35.32500000009947
44.50000000010156
58.95000000010484
71.35000000010766
74.72500000010842
83.70000000011046
87.97500000011144
97.12500000011352
109.10000000011624
122.67500000011933
134.32500000011476
148.97500000010143
15.72500000009964
26.775000000099013
35.4500000000995
44.575000000101575
58.97500000010485
71.40000000010767
74.87500000010846
84.12500000011056
88.92500000011165
97.12500000011352
109.15000000011625
122.82500000011936
134.4000000001147
149.0000000001014
15.625000000099647
26.600000000099023
35.32500000009947
44.47500000010155
58.95000000010484
71.32500000010765
74.57500000010839
83.70000000011046
87.85000000011141
97.10000000011351
109.02500000011622
122.62500000011931
134.2750000001148
148.9000000001015
15.675000000099644
26.82500000009901
35.32500000009947
44.50000000010156
58.95000000010484
71.35000000010766
74.77500000010843
83.80000000011049
88.15000000011148
97.0750000001135
109.07500000011623
122.72500000011934
134.2750000001148
148.92500000010148
15.650000000099645
26.700000000099017
35.35000000009948
44.55000000010157
59.000000000104855
71.40000000010767
74.82500000010845
83.72500000011047
88.7000000001116
97.12500000011352
109.12500000011624
122.72500000011934
134.25000000011482
148.92500000010148
15.675000000099644
26.700000000099017
35.37500000009948
44.55000000010157
59.02500000010486
71.40000000010767
75.00000000010849
83.80000000011049
88.20000000011149
97.17500000011353
109.12500000011624
122.80000000011935
134.35000000011473
148.97500000010143
15.650000000099645
26.67500000009902
35.35000000009948
44.47500000010155
58.97500000010485
71.35000000010766
74.87500000010846
83.62500000011045
88.15000000011148
97.12500000011352
109.07500000011623
122.80000000011935
134.25000000011482
148.92500000010148
15.600000000099648
26.82500000009901
35.37500000009948
44.55000000010157
58.95000000010484
71.35000000010766
74.77500000010843
83.82500000011049
88.87500000011164
97.15000000011352
109.15000000011625
122.77500000011935
134.4000000001147
148.97500000010143
15.600000000099648
26.775000000099013
35.35000000009948
44.45000000010155
58.90000000010483
71.35000000010766
74.82500000010845
83.67500000011046
87.87500000011141
97.0500000001135
109.12500000011624
122.65000000011932
134.32500000011476
148.92500000010148
15.675000000099644
26.775000000099013
35.35000000009948
44.575000000101575
58.95000000010484
71.35000000010766
74.77500000010843
84.00000000011053
88.47500000011155
97.12500000011352
109.12500000011624
122.77500000011935
134.30000000011478
148.92500000010148
15.600000000099648
26.700000000099017
35.35000000009948
44.50000000010156
58.92500000010484
71.32500000010765
74.72500000010842
83.67500000011046
88.05000000011145
97.0750000001135
109.10000000011624
122.67500000011933
134.35000000011473
148.92500000010148
15.700000000099642
26.67500000009902
35.37500000009948
44.575000000101575
59.000000000104855
71.40000000010767
75.10000000010851
84.20000000011058
89.1250000001117
97.15000000011352
109.15000000011625
122.77500000011935
134.42500000011466
148.95000000010145
15.625000000099647
26.67500000009902
35.40000000009949
44.50000000010156
59.000000000104855
71.35000000010766
74.87500000010846
83.55000000011043
88.2500000001115
97.12500000011352
109.05000000011623
122.72500000011934
134.30000000011478
148.95000000010145
15.625000000099647
26.775000000099013
35.475000000099506
44.47500000010155
58.95000000010484
71.35000000010766
74.77500000010843
83.67500000011046
88.07500000011146
97.0750000001135
109.15000000011625
122.77500000011935
134.42500000011466
148.97500000010143
15.650000000099645
26.725000000099016
35.300000000099466
44.525000000101564
58.95000000010484
71.32500000010765
74.82500000010845
83.72500000011047
88.02500000011145
97.0750000001135
109.02500000011622
122.62500000011931
134.22500000011485
148.92500000010148
15.625000000099647
26.900000000099006
35.35000000009948
44.525000000101564
58.95000000010484
71.35000000010766
74.77500000010843
83.90000000011051
88.35000000011152
97.12500000011352
109.12500000011624
122.67500000011933
134.2750000001148
148.95000000010145
15.75000000009964
27.300000000098983
35.37500000009948
44.65000000010159
59.02500000010486
71.42500000010767
74.97500000010848
83.95000000011052
88.37500000011153
97.17500000011353
109.20000000011626
122.75000000011934
134.3750000001147
148.95000000010145
15.650000000099645
26.725000000099016
35.35000000009948
44.525000000101564
58.97500000010485
71.40000000010767
75.00000000010849
83.57500000011044
88.00000000011144
97.10000000011351
109.10000000011624
122.5500000001193
134.20000000011487
148.87500000010152
15.72500000009964
27.000000000099
35.35000000009948
44.625000000101586
58.97500000010485
71.37500000010766
74.85000000010845
84.42500000011063
97.12500000011352
109.12500000011624
122.70000000011933
134.2750000001148
148.95000000010145
15.72500000009964
26.750000000099014
35.40000000009949
44.575000000101575
58.97500000010485
71.35000000010766
74.90000000010846
84.02500000011054
88.60000000011158
97.15000000011352
109.07500000011623
122.80000000011935
134.4000000001147
148.97500000010143
15.625000000099647
26.700000000099017
35.32500000009947
44.50000000010156
58.97500000010485
71.37500000010766
74.77500000010843
83.95000000011052
97.12500000011352
109.12500000011624
122.65000000011932
134.2750000001148
148.92500000010148
15.650000000099645
26.725000000099016
35.425000000099494
44.50000000010156
58.97500000010485
71.35000000010766
74.80000000010844
83.80000000011049
88.10000000011146
97.12500000011352
109.10000000011624
122.85000000011937
134.35000000011473
149.0000000001014
15.700000000099642
26.900000000099006
35.4500000000995
44.625000000101586
59.000000000104855
71.30000000010764
74.6250000001084
84.2750000001106
97.12500000011352
109.10000000011624
122.77500000011935
134.32500000011476
148.95000000010145
15.675000000099644
26.700000000099017
35.40000000009949
44.525000000101564
58.95000000010484
71.35000000010766
74.85000000010845
83.62500000011045
88.05000000011145
97.10000000011351
109.10000000011624
122.75000000011934
134.42500000011466
148.97500000010143
15.675000000099644
26.67500000009902
35.35000000009948
44.50000000010156
58.97500000010485
71.37500000010766
74.85000000010845
83.67500000011046
88.02500000011145
97.15000000011352
109.10000000011624
122.67500000011933
134.2750000001148
148.95000000010145
15.525000000099652
26.700000000099017
35.32500000009947
44.400000000101535
58.90000000010483
71.25000000010763
74.55000000010838
83.80000000011049
87.97500000011144
97.0250000001135
108.97500000011621
122.67500000011933
134.35000000011473
148.9000000001015
15.72500000009964
26.80000000009901
35.32500000009947
44.525000000101564
49.57500000010271
58.97500000010485
71.35000000010766
74.70000000010842
83.92500000011051
88.05000000011145
97.12500000011352
109.12500000011624
122.67500000011933
134.32500000011476
148.95000000010145
15.650000000099645
26.82500000009901
35.35000000009948
44.525000000101564
58.97500000010485
71.35000000010766
74.77500000010843
84.55000000011066
97.12500000011352
109.12500000011624
122.77500000011935
134.30000000011478
148.87500000010152
15.675000000099644
26.65000000009902
35.425000000099494
44.575000000101575
58.97500000010485
71.40000000010767
75.10000000010851
83.65000000011045
88.32500000011152
97.17500000011353
109.12500000011624
122.82500000011936
134.32500000011476
149.0000000001014
15.775000000099638
26.82500000009901
35.32500000009947
44.60000000010158
58.97500000010485
71.45000000010768
75.15000000010852
83.80000000011049
88.12500000011147
97.15000000011352
109.20000000011626
122.65000000011932
134.2750000001148
148.92500000010148
15.675000000099644
26.875000000099007
35.35000000009948
44.50000000010156
58.90000000010483
71.30000000010764
74.6500000001084
84.07500000011055
88.60000000011158
97.0750000001135
109.05000000011623
122.67500000011933
134.35000000011473
148.95000000010145
15.75000000009964
26.80000000009901
35.300000000099466
44.65000000010159
58.97500000010485
71.45000000010768
75.0750000001085
84.10000000011055
97.15000000011352
109.25000000011627
122.77500000011935
134.30000000011478
148.92500000010148
15.57500000009965
26.750000000099014
35.40000000009949
44.45000000010155
58.95000000010484
71.30000000010764
74.6500000001084
84.17500000011057
88.57500000011157
97.0750000001135
109.07500000011623
122.85000000011937
134.5000000001146
149.05000000010136
15.675000000099644
26.85000000009901
35.35000000009948
44.575000000101575
58.95000000010484
71.40000000010767
74.77500000010843
83.8500000001105
88.12500000011147
97.12500000011352
109.15000000011625
122.72500000011934
134.30000000011478
148.95000000010145
15.72500000009964
26.750000000099014
35.35000000009948
44.55000000010157
58.97500000010485
71.37500000010766
74.92500000010847
83.67500000011046
88.15000000011148
97.12500000011352
109.10000000011624
122.67500000011933
134.25000000011482
148.92500000010148
15.55000000009965
26.67500000009902
35.27500000009946
44.350000000101524
49.550000000102706
58.85000000010482
71.25000000010763
74.55000000010838
83.50000000011042
87.8000000001114
97.00000000011349
108.9500000001162
122.62500000011931
134.22500000011485
148.92500000010148
15.675000000099644
26.725000000099016
35.40000000009949
44.525000000101564
58.97500000010485
71.40000000010767
74.82500000010845
83.75000000011048
88.12500000011147
97.15000000011352
109.12500000011624
122.70000000011933
134.3750000001147
148.97500000010143
15.625000000099647
26.725000000099016
35.32500000009947
44.525000000101564
59.000000000104855
71.37500000010766
74.82500000010845
83.70000000011046
88.2500000001115
97.15000000011352
109.12500000011624
122.70000000011933
134.2750000001148
148.95000000010145
15.650000000099645
26.700000000099017
35.35000000009948
44.47500000010155
58.95000000010484
71.35000000010766
74.67500000010841
83.80000000011049
88.12500000011147
97.0750000001135
109.05000000011623
122.65000000011932
134.35000000011473
148.95000000010145
15.57500000009965
26.950000000099003
35.4500000000995
44.45000000010155
58.92500000010484
71.30000000010764
74.70000000010842
83.97500000011053
88.45000000011154
97.0750000001135
109.10000000011624
122.77500000011935
134.35000000011473
149.0250000001014
15.775000000099638
26.950000000099003
35.40000000009949
44.60000000010158
59.000000000104855
71.40000000010767
74.90000000010846
83.90000000011051
88.15000000011148
97.12500000011352
109.12500000011624
122.75000000011934
134.45000000011464
148.97500000010143
15.650000000099645
26.700000000099017
35.35000000009948
44.55000000010157
58.97500000010485
71.35000000010766
74.77500000010843
83.55000000011043
88.02500000011145
97.10000000011351
109.05000000011623
122.67500000011933
134.32500000011476
148.92500000010148
15.55000000009965
26.67500000009902
35.40000000009949
44.42500000010154
58.92500000010484
71.30000000010764
74.6000000001084
83.60000000011044
87.8250000001114
97.10000000011351
109.02500000011622
122.72500000011934
134.35000000011473
148.95000000010145
15.600000000099648
26.875000000099007
35.35000000009948
44.50000000010156
58.875000000104826
71.32500000010765
74.6500000001084
83.62500000011045
87.97500000011144
97.0500000001135
109.10000000011624
122.62500000011931
134.35000000011473
148.92500000010148
15.700000000099642
26.725000000099016
35.32500000009947
44.50000000010156
58.95000000010484
71.32500000010765
74.6500000001084
83.65000000011045
87.85000000011141
97.12500000011352
109.07500000011623
122.70000000011933
134.32500000011476
148.92500000010148
15.650000000099645
26.700000000099017
35.37500000009948
44.50000000010156
58.97500000010485
71.37500000010766
74.82500000010845
83.75000000011048
88.02500000011145
97.15000000011352
109.12500000011624
122.75000000011934
134.3750000001147
148.97500000010143
15.700000000099642
26.80000000009901
35.425000000099494
44.55000000010157
59.000000000104855
71.35000000010766
74.77500000010843
83.97500000011053
88.20000000011149
97.12500000011352
109.10000000011624
122.77500000011935
134.35000000011473
148.95000000010145
15.700000000099642
26.750000000099014
35.40000000009949
44.575000000101575
58.97500000010485
71.40000000010767
74.90000000010846
83.77500000011048
88.22500000011149
97.12500000011352
109.15000000011625
122.75000000011934
134.3750000001147
148.95000000010145
15.625000000099647
26.775000000099013
35.32500000009947
44.45000000010155
49.5250000001027
58.92500000010484
71.32500000010765
74.70000000010842
83.80000000011049
87.85000000011141
97.0500000001135
109.05000000011623
122.75000000011934
134.2750000001148
148.95000000010145
15.675000000099644
26.750000000099014
35.40000000009949
44.525000000101564
58.95000000010484
71.37500000010766
74.85000000010845
84.05000000011054
88.6750000001116
97.12500000011352
109.12500000011624
122.80000000011935
134.3750000001147
149.0000000001014
15.625000000099647
26.700000000099017
35.35000000009948
44.45000000010155
58.92500000010484
71.25000000010763
74.55000000010838
83.90000000011051
88.05000000011145
97.0250000001135
109.02500000011622
122.67500000011933
134.25000000011482
148.92500000010148
15.600000000099648
26.750000000099014
35.35000000009948
44.50000000010156
58.95000000010484
71.32500000010765
74.72500000010842
83.82500000011049
88.37500000011153
97.12500000011352
109.12500000011624
122.70000000011933
134.2750000001148
148.95000000010145
15.775000000099638
26.85000000009901
35.37500000009948
44.6750000001016
59.07500000010487
71.47500000010768
75.32500000010856
84.12500000011056
97.22500000011354
109.22500000011627
122.75000000011934
134.4000000001147
148.97500000010143
15.600000000099648
26.700000000099017
35.37500000009948
44.50000000010156
58.95000000010484
71.32500000010765
74.75000000010843
84.25000000011059
88.85000000011163
97.10000000011351
109.10000000011624
122.82500000011936
134.3750000001147
148.97500000010143
15.72500000009964
26.82500000009901
35.37500000009948
44.55000000010157
59.000000000104855
71.35000000010766
74.75000000010843
83.8750000001105
88.20000000011149
97.15000000011352
109.10000000011624
122.70000000011933
134.2750000001148
148.92500000010148
15.600000000099648
26.750000000099014
35.40000000009949
44.525000000101564
58.97500000010485
71.37500000010766
74.85000000010845
83.60000000011044
87.90000000011142
97.12500000011352
109.15000000011625
122.82500000011936
134.35000000011473
148.95000000010145
15.675000000099644
26.67500000009902
35.32500000009947
44.50000000010156
58.97500000010485
71.30000000010764
74.70000000010842
84.17500000011057
88.80000000011162
97.10000000011351
109.05000000011623
122.70000000011933
134.2750000001148
148.95000000010145
15.72500000009964
26.925000000099004
35.35000000009948
44.575000000101575
58.97500000010485
71.40000000010767
74.75000000010843
83.52500000011042
88.00000000011144
97.15000000011352
109.07500000011623
122.67500000011933
134.2750000001148
148.97500000010143
15.75000000009964
26.875000000099007
35.40000000009949
44.575000000101575
58.97500000010485
71.35000000010766
74.70000000010842
83.67500000011046
88.02500000011145
97.15000000011352
109.10000000011624
122.72500000011934
134.3750000001147
148.97500000010143
