6.425000000100058
20.925000000099345
39.650000000100455
56.00000000010417
97.00000000011349
100.72500000011433
111.92500000011688
6.475000000100058
20.925000000099345
39.62500000010045
55.95000000010416
71.20000000010762
96.97500000011348
100.67500000011432
103.00000000011485
111.85000000011686
6.400000000100057
20.950000000099344
39.650000000100455
56.00000000010417
71.67500000010773
97.0250000001135
100.70000000011433
111.92500000011688
6.375000000100057
20.950000000099344
39.62500000010045
55.95000000010416
71.45000000010768
97.00000000011349
100.90000000011437
111.87500000011687
6.450000000100058
20.975000000099342
39.650000000100455
56.00000000010417
71.27500000010764
97.0250000001135
100.67500000011432
111.85000000011686
6.300000000100056
20.82500000009935
39.55000000010043
55.82500000010413
70.85000000010754
96.92500000011347
100.50000000011428
111.65000000011682
6.3500000001000565
20.82500000009935
39.55000000010043
55.85000000010414
70.80000000010753
96.97500000011348
100.52500000011429
111.65000000011682
126.45000000012018
6.375000000100057
20.85000000009935
39.57500000010044
55.875000000104144
70.95000000010756
96.95000000011348
100.37500000011426
111.72500000011684
6.60000000010006
20.875000000099348
39.600000000100444
55.90000000010415
70.97500000010757
96.97500000011348
100.5750000001143
111.72500000011684
6.475000000100058
20.925000000099345
39.62500000010045
55.95000000010416
71.1250000001076
97.00000000011349
100.5500000001143
111.85000000011686
6.425000000100058
20.950000000099344
39.62500000010045
55.97500000010417
71.40000000010767
97.00000000011349
100.6000000001143
111.87500000011687
6.400000000100057
20.975000000099342
39.67500000010046
56.00000000010417
71.30000000010764
97.0250000001135
100.62500000011431
111.90000000011688
6.400000000100057
20.875000000099348
39.600000000100444
55.925000000104156
71.02500000010758
96.97500000011348
100.47500000011428
111.77500000011685
6.425000000100058
20.85000000009935
39.57500000010044
55.875000000104144
70.97500000010757
96.95000000011348
100.62500000011431
111.72500000011684
6.425000000100058
21.00000000009934
39.70000000010047
56.02500000010418
71.47500000010768
97.0750000001135
100.80000000011435
111.95000000011689
6.500000000100059
20.925000000099345
39.650000000100455
55.95000000010416
71.02500000010758
97.0500000001135
100.72500000011433
111.82500000011686
6.450000000100058
20.900000000099347
39.62500000010045
55.95000000010416
71.1250000001076
97.00000000011349
100.5750000001143
111.82500000011686
6.425000000100058
20.82500000009935
39.55000000010043
55.85000000010414
70.95000000010756
96.92500000011347
100.47500000011428
111.72500000011684
6.3500000001000565
20.925000000099345
39.600000000100444
55.925000000104156
71.30000000010764
96.97500000011348
100.62500000011431
111.82500000011686
6.425000000100058
20.925000000099345
39.650000000100455
55.97500000010417
71.20000000010762
97.0250000001135
100.6000000001143
111.87500000011687
6.525000000100059
20.900000000099347
39.600000000100444
55.925000000104156
71.32500000010765
96.95000000011348
100.5750000001143
111.82500000011686
6.400000000100057
20.900000000099347
39.62500000010045
55.95000000010416
71.1000000001076
97.0250000001135
100.5750000001143
111.82500000011686
6.425000000100058
21.00000000009934
39.67500000010046
56.02500000010418
97.00000000011349
100.85000000011436
112.0000000001169
6.400000000100057
20.925000000099345
39.650000000100455
55.95000000010416
70.87500000010755
97.0250000001135
100.5750000001143
111.77500000011685
126.37500000012017
6.375000000100057
20.950000000099344
39.650000000100455
55.95000000010416
71.05000000010759
96.97500000011348
100.52500000011429
111.82500000011686
6.475000000100058
20.975000000099342
39.67500000010046
56.00000000010417
71.17500000010762
97.0500000001135
100.87500000011437
111.90000000011688
6.475000000100058
20.950000000099344
39.62500000010045
55.97500000010417
72.27500000010787
96.97500000011348
100.62500000011431
111.90000000011688
6.450000000100058
20.925000000099345
39.62500000010045
55.97500000010417
71.42500000010767
97.00000000011349
100.95000000011439
111.90000000011688
6.475000000100058
20.900000000099347
39.600000000100444
55.925000000104156
70.97500000010757
97.0250000001135
100.50000000011428
111.77500000011685
6.400000000100057
20.85000000009935
39.57500000010044
55.90000000010415
71.00000000010758
96.92500000011347
100.50000000011428
111.75000000011684
6.475000000100058
20.925000000099345
39.62500000010045
55.95000000010416
71.15000000010761
97.00000000011349
100.5500000001143
111.87500000011687
6.475000000100058
20.85000000009935
39.55000000010043
55.90000000010415
71.02500000010758
96.92500000011347
100.45000000011427
111.77500000011685
6.425000000100058
20.950000000099344
39.650000000100455
56.00000000010417
71.25000000010763
97.0500000001135
100.72500000011433
111.85000000011686
6.475000000100058
20.975000000099342
39.650000000100455
56.00000000010417
71.32500000010765
97.0250000001135
100.62500000011431
111.90000000011688
6.325000000100056
20.85000000009935
39.57500000010044
55.90000000010415
71.1000000001076
96.92500000011347
100.40000000011426
111.77500000011685
6.450000000100058
20.925000000099345
39.62500000010045
55.97500000010417
96.97500000011348
100.87500000011437
111.92500000011688
6.450000000100058
21.00000000009934
39.70000000010047
56.00000000010417
71.0750000001076
97.0500000001135
100.5750000001143
111.85000000011686
6.525000000100059
20.85000000009935
39.57500000010044
55.875000000104144
70.95000000010756
96.95000000011348
100.52500000011429
102.65000000011477
111.75000000011684
6.325000000100056
20.900000000099347
39.600000000100444
55.925000000104156
71.22500000010763
96.95000000011348
100.45000000011427
111.82500000011686
6.400000000100057
21.00000000009934
39.67500000010046
56.02500000010418
71.32500000010765
97.00000000011349
100.5750000001143
111.87500000011687
6.425000000100058
20.85000000009935
39.62500000010045
55.90000000010415
70.82500000010754
97.0250000001135
100.5750000001143
111.72500000011684
126.40000000012017
6.450000000100058
20.925000000099345
39.62500000010045
55.97500000010417
71.47500000010768
97.00000000011349
100.67500000011432
111.90000000011688
6.475000000100058
20.925000000099345
39.650000000100455
55.97500000010417
71.5500000001077
96.97500000011348
100.72500000011433
111.92500000011688
6.3500000001000565
21.050000000099338
39.70000000010047
56.100000000104195
97.00000000011349
100.67500000011432
112.15000000011693
6.400000000100057
20.925000000099345
39.650000000100455
55.97500000010417
71.0750000001076
97.0250000001135
100.6000000001143
111.85000000011686
6.325000000100056
20.875000000099348
39.57500000010044
55.925000000104156
71.17500000010762
97.00000000011349
100.82500000011436
111.82500000011686
6.475000000100058
20.900000000099347
39.62500000010045
55.97500000010417
96.97500000011348
100.77500000011435
111.95000000011689
6.550000000100059
20.875000000099348
39.600000000100444
55.925000000104156
71.1250000001076
96.97500000011348
100.62500000011431
111.82500000011686
6.475000000100058
21.00000000009934
39.67500000010046
56.050000000104184
71.82500000010776
97.0500000001135
100.82500000011436
112.0250000001169
6.3500000001000565
20.950000000099344
39.67500000010046
56.00000000010417
71.37500000010766
97.0500000001135
100.72500000011433
111.90000000011688
6.375000000100057
20.900000000099347
39.62500000010045
55.925000000104156
71.00000000010758
96.97500000011348
100.6000000001143
111.77500000011685
6.3500000001000565
20.875000000099348
39.600000000100444
55.925000000104156
71.27500000010764
96.97500000011348
100.62500000011431
111.85000000011686
6.375000000100057
20.950000000099344
39.62500000010045
55.95000000010416
71.0750000001076
97.0250000001135
100.72500000011433
111.80000000011685
6.525000000100059
20.975000000099342
39.70000000010047
56.02500000010418
71.32500000010765
97.0750000001135
100.87500000011437
111.92500000011688
6.3500000001000565
20.975000000099342
39.70000000010047
56.00000000010417
71.0750000001076
97.0500000001135
100.75000000011434
111.85000000011686
6.62500000010006
20.950000000099344
39.67500000010046
56.00000000010417
71.20000000010762
97.0500000001135
100.80000000011435
111.90000000011688
6.425000000100058
20.900000000099347
39.62500000010045
55.925000000104156
71.1250000001076
97.00000000011349
100.82500000011436
111.80000000011685
6.425000000100058
20.85000000009935
39.600000000100444
55.925000000104156
71.0750000001076
96.97500000011348
100.5750000001143
111.80000000011685
6.450000000100058
20.900000000099347
39.600000000100444
55.925000000104156
71.20000000010762
96.97500000011348
100.6000000001143
111.82500000011686
6.425000000100058
21.02500000009934
39.70000000010047
56.07500000010419
97.0250000001135
100.72500000011433
112.05000000011691
6.425000000100058
20.925000000099345
39.62500000010045
55.95000000010416
71.0750000001076
96.97500000011348
100.62500000011431
111.82500000011686
6.375000000100057
20.925000000099345
39.67500000010046
55.97500000010417
71.02500000010758
97.0750000001135
100.77500000011435
111.85000000011686
6.275000000100055
20.950000000099344
39.650000000100455
55.95000000010416
71.15000000010761
97.00000000011349
100.72500000011433
111.82500000011686
6.3500000001000565
20.975000000099342
39.650000000100455
56.00000000010417
71.65000000010772
97.0250000001135
100.85000000011436
111.90000000011688
6.325000000100056
20.925000000099345
39.600000000100444
55.925000000104156
71.27500000010764
96.95000000011348
100.62500000011431
111.82500000011686
6.375000000100057
21.00000000009934
39.70000000010047
56.050000000104184
97.0250000001135
100.67500000011432
112.05000000011691
6.3500000001000565
21.00000000009934
39.70000000010047
56.050000000104184
71.47500000010768
97.10000000011351
100.75000000011434
111.97500000011689
6.3500000001000565
20.925000000099345
39.600000000100444
55.95000000010416
71.5750000001077
96.97500000011348
100.67500000011432
111.92500000011688
6.400000000100057
20.975000000099342
39.70000000010047
56.02500000010418
71.17500000010762
97.0750000001135
100.75000000011434
111.90000000011688
6.450000000100058
20.925000000099345
39.650000000100455
55.97500000010417
71.20000000010762
97.0500000001135
100.6000000001143
111.87500000011687
6.3500000001000565
20.900000000099347
39.600000000100444
55.925000000104156
71.00000000010758
97.00000000011349
100.50000000011428
111.75000000011684
6.400000000100057
20.950000000099344
39.650000000100455
56.00000000010417
97.0250000001135
100.5750000001143
111.92500000011688
6.375000000100057
20.875000000099348
39.600000000100444
55.925000000104156
71.45000000010768
96.92500000011347
100.62500000011431
111.85000000011686
6.525000000100059
20.925000000099345
39.650000000100455
55.97500000010417
71.17500000010762
97.0500000001135
100.85000000011436
111.85000000011686
6.400000000100057
20.950000000099344
39.67500000010046
56.00000000010417
71.22500000010763
97.0250000001135
100.62500000011431
111.87500000011687
6.425000000100058
20.875000000099348
39.57500000010044
55.875000000104144
71.02500000010758
96.95000000011348
100.5500000001143
111.75000000011684
6.450000000100058
20.950000000099344
39.650000000100455
56.00000000010417
97.00000000011349
100.82500000011436
112.0250000001169
6.450000000100058
20.900000000099347
39.62500000010045
55.95000000010416
71.20000000010762
97.00000000011349
100.75000000011434
111.85000000011686
6.400000000100057
20.925000000099345
39.62500000010045
55.97500000010417
71.25000000010763
97.00000000011349
100.6000000001143
111.87500000011687
6.425000000100058
20.925000000099345
39.62500000010045
55.97500000010417
71.50000000010769
97.00000000011349
100.5750000001143
111.90000000011688
6.500000000100059
20.900000000099347
39.650000000100455
55.95000000010416
70.87500000010755
97.0250000001135
100.5500000001143
111.80000000011685
126.42500000012018
6.450000000100058
20.925000000099345
39.650000000100455
55.97500000010417
71.32500000010765
97.00000000011349
100.72500000011433
111.87500000011687
6.325000000100056
20.900000000099347
39.62500000010045
55.925000000104156
70.90000000010755
97.0250000001135
100.6000000001143
111.75000000011684
126.5250000001202
6.475000000100058
20.925000000099345
39.650000000100455
55.97500000010417
71.1250000001076
97.00000000011349
100.52500000011429
111.85000000011686
6.400000000100057
20.875000000099348
39.57500000010044
55.875000000104144
70.97500000010757
96.97500000011348
100.52500000011429
111.72500000011684
6.250000000100055
20.950000000099344
39.650000000100455
56.00000000010417
96.97500000011348
100.72500000011433
112.0000000001169
6.450000000100058
20.950000000099344
39.62500000010045
56.00000000010417
96.97500000011348
100.70000000011433
111.95000000011689
6.500000000100059
20.85000000009935
39.55000000010043
55.875000000104144
70.92500000010756
96.95000000011348
100.42500000011427
102.45000000011473
111.72500000011684
6.400000000100057
21.050000000099338
39.70000000010047
56.100000000104195
97.0250000001135
100.62500000011431
112.10000000011692
6.425000000100058
20.975000000099342
39.67500000010046
56.050000000104184
97.0250000001135
100.77500000011435
112.0000000001169
6.200000000100054
20.900000000099347
39.650000000100455
55.925000000104156
70.77500000010753
97.0500000001135
100.52500000011429
111.70000000011683
126.1000000001201
6.475000000100058
20.900000000099347
39.62500000010045
55.95000000010416
70.97500000010757
97.0250000001135
100.65000000011432
111.80000000011685
126.77500000012026
6.375000000100057
20.950000000099344
39.650000000100455
55.97500000010417
71.15000000010761
97.0250000001135
100.6000000001143
111.87500000011687
6.475000000100058
20.85000000009935
39.55000000010043
55.85000000010414
70.90000000010755
96.95000000011348
100.42500000011427
111.72500000011684
126.82500000012027
6.425000000100058
20.875000000099348
39.600000000100444
55.925000000104156
70.97500000010757
97.0250000001135
100.50000000011428
111.77500000011685
6.475000000100058
20.85000000009935
39.600000000100444
55.90000000010415
70.85000000010754
97.00000000011349
100.5500000001143
111.75000000011684
126.40000000012017
6.475000000100058
20.900000000099347
39.57500000010044
55.90000000010415
71.20000000010762
96.95000000011348
100.5750000001143
111.82500000011686
6.300000000100056
20.925000000099345
39.62500000010045
55.95000000010416
71.05000000010759
97.00000000011349
100.47500000011428
111.82500000011686
6.500000000100059
20.82500000009935
39.57500000010044
55.875000000104144
70.80000000010753
96.97500000011348
100.50000000011428
102.57500000011476
111.70000000011683
126.30000000012015
6.400000000100057
20.925000000099345
39.67500000010046
56.00000000010417
71.50000000010769
97.0250000001135
100.75000000011434
111.95000000011689
6.400000000100057
20.85000000009935
39.57500000010044
55.90000000010415
71.05000000010759
96.97500000011348
100.65000000011432
111.77500000011685
6.525000000100059
20.950000000099344
39.67500000010046
56.00000000010417
71.25000000010763
97.0250000001135
100.72500000011433
111.90000000011688
6.375000000100057
20.975000000099342
39.67500000010046
56.02500000010418
97.0250000001135
100.80000000011435
111.97500000011689
6.375000000100057
20.925000000099345
39.62500000010045
55.95000000010416
71.1000000001076
97.0250000001135
100.72500000011433
111.80000000011685
6.450000000100058
20.900000000099347
39.600000000100444
55.925000000104156
71.1000000001076
96.97500000011348
100.5750000001143
111.82500000011686
6.475000000100058
20.875000000099348
39.600000000100444
55.90000000010415
70.92500000010756
97.00000000011349
100.70000000011433
111.75000000011684
127.35000000012039
6.375000000100057
20.950000000099344
39.650000000100455
55.97500000010417
71.32500000010765
97.0250000001135
100.77500000011435
111.90000000011688
6.3500000001000565
20.875000000099348
39.57500000010044
55.90000000010415
71.30000000010764
96.95000000011348
100.72500000011433
111.82500000011686
6.300000000100056
20.975000000099342
39.67500000010046
56.00000000010417
71.20000000010762
97.0250000001135
100.77500000011435
111.87500000011687
6.475000000100058
20.800000000099352
39.52500000010043
55.85000000010414
71.02500000010758
96.95000000011348
100.5750000001143
111.75000000011684
6.450000000100058
20.925000000099345
39.62500000010045
55.95000000010416
71.40000000010767
97.00000000011349
100.75000000011434
111.85000000011686
6.450000000100058
20.925000000099345
39.62500000010045
55.95000000010416
71.1250000001076
97.00000000011349
100.52500000011429
111.82500000011686
6.400000000100057
20.875000000099348
39.600000000100444
55.925000000104156
71.45000000010768
96.95000000011348
100.67500000011432
111.82500000011686
6.3500000001000565
20.82500000009935
39.55000000010043
55.875000000104144
71.25000000010763
96.92500000011347
100.50000000011428
111.80000000011685
6.425000000100058
20.900000000099347
39.62500000010045
55.95000000010416
71.1250000001076
97.0500000001135
100.82500000011436
111.85000000011686
6.525000000100059
20.900000000099347
39.600000000100444
55.925000000104156
71.25000000010763
96.95000000011348
100.82500000011436
111.82500000011686
6.500000000100059
20.85000000009935
39.57500000010044
55.90000000010415
71.02500000010758
97.00000000011349
100.85000000011436
111.77500000011685
6.475000000100058
20.875000000099348
39.600000000100444
55.90000000010415
70.85000000010754
97.00000000011349
100.5500000001143
111.75000000011684
126.42500000012018
6.425000000100058
21.00000000009934
39.70000000010047
56.02500000010418
71.17500000010762
97.0750000001135
100.75000000011434
111.90000000011688
6.375000000100057
20.975000000099342
39.67500000010046
56.02500000010418
71.82500000010776
97.0500000001135
100.87500000011437
111.97500000011689
6.475000000100058
20.950000000099344
39.650000000100455
55.97500000010417
71.35000000010766
97.0250000001135
100.67500000011432
111.90000000011688
6.525000000100059
20.925000000099345
39.62500000010045
55.97500000010417
71.30000000010764
97.0250000001135
100.6000000001143
111.90000000011688
6.400000000100057
20.875000000099348
39.600000000100444
55.925000000104156
71.20000000010762
96.97500000011348
100.62500000011431
111.82500000011686
6.500000000100059
20.900000000099347
39.62500000010045
55.925000000104156
71.00000000010758
96.97500000011348
100.6000000001143
102.7750000001148
111.80000000011685
6.525000000100059
20.925000000099345
39.62500000010045
55.97500000010417
71.50000000010769
96.95000000011348
100.47500000011428
102.57500000011476
111.87500000011687
6.475000000100058
21.00000000009934
39.70000000010047
56.050000000104184
71.47500000010768
97.00000000011349
100.6000000001143
111.97500000011689
6.425000000100058
20.900000000099347
39.62500000010045
55.97500000010417
96.95000000011348
100.65000000011432
111.92500000011688
6.375000000100057
20.925000000099345
39.650000000100455
55.97500000010417
71.62500000010772
97.0250000001135
100.92500000011438
111.90000000011688
6.475000000100058
20.875000000099348
39.62500000010045
55.925000000104156
71.1000000001076
97.00000000011349
100.5500000001143
111.82500000011686
6.500000000100059
20.925000000099345
39.62500000010045
55.95000000010416
71.1000000001076
97.00000000011349
100.52500000011429
111.85000000011686
6.450000000100058
20.900000000099347
39.62500000010045
55.95000000010416
71.0750000001076
97.0250000001135
100.65000000011432
111.82500000011686
6.425000000100058
21.00000000009934
39.67500000010046
56.02500000010418
97.0250000001135
100.72500000011433
111.95000000011689
6.325000000100056
20.900000000099347
39.600000000100444
55.90000000010415
71.0750000001076
96.95000000011348
100.45000000011427
111.77500000011685
6.425000000100058
20.900000000099347
39.650000000100455
55.95000000010416
71.00000000010758
97.0750000001135
100.82500000011436
111.82500000011686
6.375000000100057
20.925000000099345
39.62500000010045
55.95000000010416
71.27500000010764
96.95000000011348
100.47500000011428
111.87500000011687
6.400000000100057
20.900000000099347
39.62500000010045
55.95000000010416
71.02500000010758
97.00000000011349
100.77500000011435
111.80000000011685
6.475000000100058
21.02500000009934
39.72500000010047
56.07500000010419
97.0250000001135
100.67500000011432
112.0250000001169
6.525000000100059
20.950000000099344
39.650000000100455
55.97500000010417
71.22500000010763
97.0250000001135
100.70000000011433
111.87500000011687
6.300000000100056
20.82500000009935
39.52500000010043
55.80000000010413
70.70000000010751
96.90000000011347
100.30000000011424
111.60000000011681
126.12500000012011
6.400000000100057
20.900000000099347
39.62500000010045
55.925000000104156
70.87500000010755
97.0500000001135
100.75000000011434
111.75000000011684
126.45000000012018
6.550000000100059
20.900000000099347
39.62500000010045
55.95000000010416
71.0750000001076
97.00000000011349
100.52500000011429
102.65000000011477
111.80000000011685
6.375000000100057
20.875000000099348
39.600000000100444
55.90000000010415
70.85000000010754
96.95000000011348
100.45000000011427
111.70000000011683
126.5250000001202
6.400000000100057
20.950000000099344
39.650000000100455
56.00000000010417
71.30000000010764
97.0250000001135
100.62500000011431
111.87500000011687
6.500000000100059
20.975000000099342
39.67500000010046
56.02500000010418
97.00000000011349
100.67500000011432
112.0000000001169
6.450000000100058
20.875000000099348
39.57500000010044
55.90000000010415
70.92500000010756
96.95000000011348
100.47500000011428
111.75000000011684
126.60000000012022
6.500000000100059
20.975000000099342
39.650000000100455
55.97500000010417
71.15000000010761
97.00000000011349
100.5750000001143
111.85000000011686
6.500000000100059
20.975000000099342
39.67500000010046
56.02500000010418
97.0250000001135
100.77500000011435
111.95000000011689
6.425000000100058
20.950000000099344
39.67500000010046
55.95000000010416
70.92500000010756
97.0250000001135
100.40000000011426
111.77500000011685
126.40000000012017
6.550000000100059
20.975000000099342
39.67500000010046
56.02500000010418
71.72500000010774
97.0250000001135
100.65000000011432
111.97500000011689
6.475000000100058
21.00000000009934
39.67500000010046
56.100000000104195
97.00000000011349
100.97500000011439
112.25000000011696
6.400000000100057
20.875000000099348
39.600000000100444
55.925000000104156
71.15000000010761
96.97500000011348
100.50000000011428
111.85000000011686
6.475000000100058
20.925000000099345
39.62500000010045
55.97500000010417
71.32500000010765
97.00000000011349
100.62500000011431
111.92500000011688
6.450000000100058
20.875000000099348
39.57500000010044
55.85000000010414
70.77500000010753
96.95000000011348
100.47500000011428
111.65000000011682
126.25000000012014
6.325000000100056
20.875000000099348
39.62500000010045
55.95000000010416
71.0750000001076
97.00000000011349
100.52500000011429
111.82500000011686
6.3500000001000565
20.85000000009935
39.55000000010043
55.85000000010414
70.82500000010754
96.95000000011348
100.35000000011425
111.70000000011683
126.40000000012017
6.3500000001000565
20.900000000099347
39.62500000010045
55.95000000010416
71.05000000010759
97.0250000001135
100.5500000001143
111.82500000011686
6.400000000100057
20.900000000099347
39.600000000100444
55.925000000104156
71.0750000001076
96.97500000011348
100.75000000011434
111.80000000011685
6.425000000100058
20.950000000099344
39.70000000010047
56.00000000010417
71.1000000001076
97.10000000011351
100.70000000011433
111.87500000011687
6.375000000100057
20.82500000009935
39.57500000010044
55.85000000010414
70.75000000010752
96.95000000011348
100.45000000011427
111.65000000011682
126.15000000012012
6.450000000100058
20.900000000099347
39.600000000100444
55.925000000104156
71.1000000001076
97.0250000001135
100.72500000011433
111.82500000011686
6.400000000100057
20.950000000099344
39.650000000100455
56.00000000010417
71.22500000010763
97.0250000001135
100.62500000011431
111.90000000011688
6.525000000100059
20.900000000099347
39.600000000100444
55.95000000010416
71.15000000010761
97.0250000001135
100.62500000011431
111.85000000011686
6.400000000100057
20.950000000099344
39.650000000100455
56.00000000010417
71.60000000010771
96.97500000011348
100.72500000011433
111.90000000011688
6.525000000100059
20.900000000099347
39.62500000010045
55.925000000104156
70.92500000010756
96.95000000011348
100.25000000011423
102.12500000011465
111.77500000011685
126.57500000012021
6.300000000100056
20.85000000009935
39.55000000010043
55.875000000104144
71.20000000010762
96.95000000011348
100.6000000001143
111.80000000011685
6.500000000100059
20.950000000099344
39.650000000100455
56.00000000010417
71.0750000001076
97.0250000001135
100.62500000011431
111.85000000011686
126.9750000001203
6.375000000100057
20.975000000099342
39.70000000010047
56.02500000010418
71.20000000010762
97.0750000001135
100.72500000011433
111.90000000011688
6.425000000100058
20.875000000099348
39.57500000010044
55.90000000010415
96.95000000011348
100.65000000011432
111.85000000011686
6.3500000001000565
20.925000000099345
39.62500000010045
56.02500000010418
96.92500000011347
100.47500000011428
112.0000000001169
6.475000000100058
20.925000000099345
39.600000000100444
55.95000000010416
71.32500000010765
96.97500000011348
100.52500000011429
111.85000000011686
6.3500000001000565
20.900000000099347
39.62500000010045
55.925000000104156
71.02500000010758
97.00000000011349
100.47500000011428
111.80000000011685
6.475000000100058
20.925000000099345
39.650000000100455
55.95000000010416
71.05000000010759
97.00000000011349
100.6000000001143
111.82500000011686
6.475000000100058
20.925000000099345
39.600000000100444
55.95000000010416
71.17500000010762
97.0250000001135
100.6000000001143
111.85000000011686
6.400000000100057
20.875000000099348
39.62500000010045
55.95000000010416
71.05000000010759
97.0250000001135
100.65000000011432
111.82500000011686
6.57500000010006
20.925000000099345
39.650000000100455
56.02500000010418
97.0250000001135
100.87500000011437
112.0250000001169
6.3500000001000565
20.975000000099342
39.67500000010046
56.07500000010419
97.0500000001135
100.85000000011436
112.05000000011691
6.400000000100057
20.875000000099348
39.600000000100444
55.925000000104156
71.05000000010759
97.00000000011349
100.52500000011429
111.77500000011685
6.450000000100058
20.950000000099344
39.650000000100455
56.00000000010417
71.92500000010779
97.0500000001135
100.92500000011438
111.92500000011688
6.57500000010006
20.85000000009935
39.57500000010044
55.85000000010414
70.70000000010751
97.0250000001135
100.5750000001143
111.65000000011682
126.0500000001201
6.550000000100059
20.900000000099347
39.62500000010045
55.95000000010416
71.25000000010763
97.00000000011349
100.80000000011435
111.87500000011687
6.425000000100058
20.925000000099345
39.62500000010045
55.95000000010416
71.17500000010762
97.0500000001135
100.70000000011433
111.85000000011686
6.450000000100058
21.00000000009934
39.72500000010047
56.07500000010419
97.10000000011351
101.10000000011442
112.05000000011691
6.450000000100058
20.925000000099345
39.67500000010046
55.97500000010417
70.97500000010757
97.0500000001135
100.65000000011432
111.87500000011687
126.75000000012025
6.500000000100059
20.950000000099344
39.650000000100455
55.97500000010417
71.1250000001076
97.0750000001135
100.80000000011435
111.82500000011686
6.525000000100059
20.900000000099347
39.600000000100444
55.95000000010416
71.85000000010777
96.95000000011348
100.5750000001143
111.87500000011687
6.3500000001000565
20.900000000099347
39.62500000010045
55.925000000104156
71.00000000010758
97.00000000011349
100.5750000001143
111.77500000011685
6.425000000100058
20.875000000099348
39.57500000010044
55.90000000010415
71.17500000010762
96.97500000011348
100.70000000011433
111.80000000011685
6.425000000100058
20.875000000099348
39.600000000100444
55.90000000010415
71.05000000010759
97.00000000011349
100.77500000011435
111.77500000011685
6.525000000100059
20.875000000099348
39.57500000010044
55.90000000010415
71.00000000010758
96.97500000011348
100.82500000011436
111.75000000011684
6.550000000100059
20.925000000099345
39.650000000100455
55.97500000010417
71.25000000010763
97.0500000001135
100.95000000011439
111.87500000011687
6.57500000010006
20.85000000009935
39.55000000010043
55.85000000010414
70.90000000010755
96.95000000011348
100.52500000011429
111.70000000011683
6.425000000100058
20.900000000099347
39.600000000100444
55.95000000010416
72.07500000010782
96.92500000011347
100.5500000001143
111.90000000011688
6.3500000001000565
20.82500000009935
39.52500000010043
55.85000000010414
70.92500000010756
96.92500000011347
100.5750000001143
111.72500000011684
6.450000000100058
20.950000000099344
39.650000000100455
56.00000000010417
71.85000000010777
97.0500000001135
101.0250000001144
111.97500000011689
6.400000000100057
20.85000000009935
39.57500000010044
55.90000000010415
71.02500000010758
96.95000000011348
100.65000000011432
111.77500000011685
6.250000000100055
20.85000000009935
39.57500000010044
55.90000000010415
71.1250000001076
96.95000000011348
100.62500000011431
111.80000000011685
6.375000000100057
20.950000000099344
39.650000000100455
56.00000000010417
71.60000000010771
97.00000000011349
100.70000000011433
111.95000000011689
6.450000000100058
20.975000000099342
39.67500000010046
56.00000000010417
71.37500000010766
97.0500000001135
100.80000000011435
111.90000000011688
6.425000000100058
20.975000000099342
39.650000000100455
55.97500000010417
71.75000000010775
97.00000000011349
100.67500000011432
111.90000000011688
6.60000000010006
20.85000000009935
39.57500000010044
55.875000000104144
70.80000000010753
97.0250000001135
100.50000000011428
102.57500000011476
111.72500000011684
126.27500000012014
6.425000000100058
20.950000000099344
39.67500000010046
56.00000000010417
71.30000000010764
97.0500000001135
100.77500000011435
111.90000000011688
6.525000000100059
20.975000000099342
39.67500000010046
56.00000000010417
71.25000000010763
97.0250000001135
100.62500000011431
111.87500000011687
6.450000000100058
20.925000000099345
39.62500000010045
55.95000000010416
71.22500000010763
97.0250000001135
100.75000000011434
111.85000000011686
6.400000000100057
20.925000000099345
39.650000000100455
55.95000000010416
70.97500000010757
97.0500000001135
100.5750000001143
111.82500000011686
126.72500000012025
6.425000000100058
20.950000000099344
39.62500000010045
56.00000000010417
96.97500000011348
100.95000000011439
111.95000000011689
6.525000000100059
20.875000000099348
39.57500000010044
55.90000000010415
71.1000000001076
96.97500000011348
100.5500000001143
102.67500000011478
111.80000000011685
6.500000000100059
20.875000000099348
39.600000000100444
55.95000000010416
71.32500000010765
96.97500000011348
100.5500000001143
102.67500000011478
111.90000000011688
6.300000000100056
20.925000000099345
39.650000000100455
55.95000000010416
70.97500000010757
97.0250000001135
100.6000000001143
111.77500000011685
6.450000000100058
20.875000000099348
39.600000000100444
55.90000000010415
70.97500000010757
96.97500000011348
100.5750000001143
111.75000000011684
6.425000000100058
20.925000000099345
39.62500000010045
55.97500000010417
71.25000000010763
96.97500000011348
100.50000000011428
111.90000000011688
6.525000000100059
20.925000000099345
39.62500000010045
55.97500000010417
71.25000000010763
96.95000000011348
100.52500000011429
111.87500000011687
6.450000000100058
20.900000000099347
39.600000000100444
55.95000000010416
71.15000000010761
97.0250000001135
100.72500000011433
111.82500000011686
6.375000000100057
20.950000000099344
39.650000000100455
56.00000000010417
71.92500000010779
97.0500000001135
101.0250000001144
111.95000000011689
6.475000000100058
21.00000000009934
39.67500000010046
56.00000000010417
71.42500000010767
97.0250000001135
100.70000000011433
111.92500000011688
6.475000000100058
20.900000000099347
39.62500000010045
55.925000000104156
70.87500000010755
97.0500000001135
100.62500000011431
111.75000000011684
126.42500000012018
6.375000000100057
20.85000000009935
39.600000000100444
55.90000000010415
71.0750000001076
96.97500000011348
100.5500000001143
111.77500000011685
6.3500000001000565
21.00000000009934
39.67500000010046
56.050000000104184
97.0250000001135
100.65000000011432
112.0000000001169
6.3500000001000565
20.900000000099347
39.62500000010045
55.95000000010416
71.0750000001076
97.00000000011349
100.45000000011427
111.82500000011686
6.325000000100056
20.950000000099344
39.67500000010046
56.00000000010417
71.25000000010763
97.0500000001135
100.70000000011433
111.87500000011687
6.300000000100056
20.925000000099345
39.62500000010045
55.925000000104156
71.1000000001076
96.97500000011348
100.5500000001143
111.80000000011685
6.425000000100058
21.00000000009934
39.70000000010047
56.02500000010418
71.1000000001076
97.0750000001135
100.80000000011435
111.87500000011687
6.250000000100055
21.00000000009934
39.67500000010046
56.050000000104184
97.0250000001135
100.67500000011432
112.0250000001169
6.550000000100059
20.800000000099352
39.55000000010043
55.85000000010414
70.75000000010752
96.97500000011348
100.45000000011427
102.45000000011473
111.70000000011683
126.20000000012013
6.325000000100056
20.85000000009935
39.62500000010045
55.925000000104156
71.00000000010758
97.00000000011349
100.75000000011434
111.77500000011685
6.3500000001000565
20.875000000099348
39.55000000010043
55.875000000104144
71.20000000010762
96.90000000011347
100.50000000011428
111.80000000011685
6.450000000100058
20.925000000099345
39.62500000010045
55.925000000104156
70.87500000010755
97.0250000001135
100.50000000011428
111.75000000011684
126.45000000012018
6.450000000100058
20.925000000099345
39.650000000100455
56.00000000010417
71.50000000010769
96.97500000011348
100.65000000011432
111.92500000011688
6.450000000100058
20.85000000009935
39.600000000100444
55.90000000010415
71.0750000001076
96.92500000011347
100.52500000011429
111.77500000011685
6.550000000100059
20.975000000099342
39.67500000010046
56.00000000010417
71.35000000010766
97.0500000001135
100.80000000011435
111.90000000011688
6.525000000100059
20.900000000099347
39.600000000100444
55.925000000104156
71.02500000010758
96.97500000011348
100.6000000001143
111.77500000011685
6.425000000100058
20.950000000099344
39.67500000010046
56.00000000010417
71.30000000010764
97.0250000001135
100.72500000011433
111.87500000011687
6.300000000100056
20.900000000099347
39.600000000100444
55.925000000104156
71.20000000010762
96.97500000011348
100.62500000011431
111.80000000011685
6.550000000100059
20.925000000099345
39.62500000010045
55.95000000010416
71.1000000001076
97.0250000001135
100.5500000001143
111.82500000011686
6.475000000100058
20.875000000099348
39.57500000010044
55.90000000010415
70.95000000010756
96.97500000011348
100.50000000011428
102.57500000011476
111.77500000011685
6.525000000100059
20.85000000009935
39.57500000010044
55.875000000104144
70.95000000010756
96.95000000011348
100.42500000011427
102.45000000011473
111.75000000011684
127.15000000012034
6.200000000100054
20.900000000099347
39.62500000010045
55.925000000104156
70.87500000010755
97.0500000001135
100.75000000011434
111.77500000011685
126.47500000012019
6.650000000100061
20.975000000099342
39.650000000100455
56.050000000104184
97.0750000001135
100.80000000011435
112.0250000001169
6.62500000010006
20.975000000099342
39.67500000010046
56.00000000010417
71.32500000010765
97.0500000001135
100.62500000011431
102.7750000001148
111.92500000011688
6.3500000001000565
20.950000000099344
39.62500000010045
56.00000000010417
97.00000000011349
100.72500000011433
111.95000000011689
6.500000000100059
20.925000000099345
39.600000000100444
55.95000000010416
96.97500000011348
100.75000000011434
111.92500000011688
6.375000000100057
20.925000000099345
39.650000000100455
55.97500000010417
71.22500000010763
97.0250000001135
100.5500000001143
111.90000000011688
6.425000000100058
20.82500000009935
39.55000000010043
55.85000000010414
71.00000000010758
96.95000000011348
100.52500000011429
111.72500000011684
6.450000000100058
20.82500000009935
39.55000000010043
55.875000000104144
71.00000000010758
96.92500000011347
100.52500000011429
111.77500000011685
6.500000000100059
20.900000000099347
39.600000000100444
55.95000000010416
71.5250000001077
96.95000000011348
100.50000000011428
102.62500000011477
111.90000000011688
6.375000000100057
20.875000000099348
39.600000000100444
55.95000000010416
71.27500000010764
96.92500000011347
100.52500000011429
111.85000000011686
6.500000000100059
20.85000000009935
39.57500000010044
55.875000000104144
70.95000000010756
96.95000000011348
100.62500000011431
111.72500000011684
6.60000000010006
20.900000000099347
39.62500000010045
55.925000000104156
71.00000000010758
96.97500000011348
100.47500000011428
102.45000000011473
111.80000000011685
6.500000000100059
20.925000000099345
39.600000000100444
55.97500000010417
97.00000000011349
100.72500000011433
111.97500000011689
6.400000000100057
20.900000000099347
39.57500000010044
55.90000000010415
71.1000000001076
96.97500000011348
100.50000000011428
111.80000000011685
6.525000000100059
20.950000000099344
39.650000000100455
55.97500000010417
71.25000000010763
97.00000000011349
100.62500000011431
111.87500000011687
