16.300000000099608
35.40000000009949
51.7250000001032
66.67500000010659
79.75000000010957
93.67500000011273
107.77500000011594
121.87500000011914
136.0250000001132
16.4250000000996
35.475000000099506
51.77500000010321
66.42500000010654
79.80000000010958
93.75000000011275
107.82500000011595
121.92500000011916
136.0500000001132
16.325000000099607
35.475000000099506
51.77500000010321
66.45000000010654
79.8750000001096
93.77500000011275
107.85000000011595
121.97500000011917
136.12500000011312
16.375000000099604
35.425000000099494
51.750000000103206
66.40000000010653
79.72500000010956
93.72500000011274
107.82500000011595
121.92500000011916
136.07500000011316
16.225000000099612
35.37500000009948
51.7250000001032
66.62500000010658
79.82500000010958
93.72500000011274
107.80000000011594
121.92500000011916
136.10000000011314
16.400000000099602
35.50000000009951
51.80000000010322
79.9000000001096
93.77500000011275
107.85000000011595
121.97500000011917
136.12500000011312
16.375000000099604
35.475000000099506
51.77500000010321
79.8750000001096
93.75000000011275
107.85000000011595
121.95000000011916
136.07500000011316
16.300000000099608
35.425000000099494
51.7250000001032
79.77500000010957
93.70000000011274
107.80000000011594
121.92500000011916
136.0500000001132
16.300000000099608
35.40000000009949
51.700000000103195
66.35000000010652
79.72500000010956
93.67500000011273
107.77500000011594
121.87500000011914
136.0250000001132
16.350000000099605
35.4500000000995
51.77500000010321
79.8750000001096
93.77500000011275
107.87500000011596
122.00000000011917
136.1500000001131
16.350000000099605
35.37500000009948
51.7250000001032
79.82500000010958
93.67500000011273
107.80000000011594
121.90000000011915
136.0500000001132
16.350000000099605
35.40000000009949
51.7250000001032
66.50000000010655
79.82500000010958
93.72500000011274
107.80000000011594
121.92500000011916
136.07500000011316
16.350000000099605
35.4500000000995
51.750000000103206
66.52500000010656
79.75000000010957
93.70000000011274
107.77500000011594
121.87500000011914
136.0250000001132
16.375000000099604
35.50000000009951
51.80000000010322
79.8750000001096
93.77500000011275
107.87500000011596
121.97500000011917
136.12500000011312
16.350000000099605
35.4500000000995
51.77500000010321
66.7250000001066
79.9000000001096
93.77500000011275
107.85000000011595
122.00000000011917
136.1500000001131
16.350000000099605
35.4500000000995
51.77500000010321
79.8750000001096
93.77500000011275
107.87500000011596
122.00000000011917
136.1500000001131
16.350000000099605
35.4500000000995
51.750000000103206
79.82500000010958
93.75000000011275
107.82500000011595
121.92500000011916
136.07500000011316
16.400000000099602
35.52500000009952
51.80000000010322
66.75000000010661
79.82500000010958
93.77500000011275
107.85000000011595
121.95000000011916
136.10000000011314
16.400000000099602
35.425000000099494
51.7250000001032
79.70000000010955
93.70000000011274
107.77500000011594
121.87500000011914
136.0250000001132
16.25000000009961
35.425000000099494
51.7250000001032
66.40000000010653
79.9250000001096
93.72500000011274
107.82500000011595
121.95000000011916
136.12500000011312
16.300000000099608
35.425000000099494
51.750000000103206
79.82500000010958
93.75000000011275
107.82500000011595
121.95000000011916
136.10000000011314
16.300000000099608
35.4500000000995
51.750000000103206
66.57500000010657
79.8750000001096
93.72500000011274
107.82500000011595
121.95000000011916
136.10000000011314
16.300000000099608
35.40000000009949
51.7250000001032
79.82500000010958
93.72500000011274
107.82500000011595
121.95000000011916
136.10000000011314
16.325000000099607
35.35000000009948
51.67500000010319
66.2750000001065
79.70000000010955
93.65000000011273
107.75000000011593
121.85000000011914
135.97500000011325
16.325000000099607
35.475000000099506
51.80000000010322
79.9250000001096
93.80000000011276
107.87500000011596
122.00000000011917
136.1500000001131
16.325000000099607
35.40000000009949
51.750000000103206
79.8750000001096
93.75000000011275
107.85000000011595
121.95000000011916
136.12500000011312
16.300000000099608
35.425000000099494
51.750000000103206
79.9250000001096
93.77500000011275
107.87500000011596
122.00000000011917
136.1500000001131
16.350000000099605
35.475000000099506
51.77500000010321
79.85000000010959
93.77500000011275
107.85000000011595
121.97500000011917
136.12500000011312
16.300000000099608
35.4500000000995
51.750000000103206
79.9000000001096
93.77500000011275
107.87500000011596
122.00000000011917
136.1500000001131
16.25000000009961
35.35000000009948
51.67500000010319
66.35000000010652
79.85000000010959
93.67500000011273
107.77500000011594
121.90000000011915
136.0500000001132
16.350000000099605
35.50000000009951
51.80000000010322
66.42500000010654
79.85000000010959
93.80000000011276
107.90000000011597
122.00000000011917
136.1500000001131
16.325000000099607
35.425000000099494
51.750000000103206
66.42500000010654
79.8750000001096
93.75000000011275
107.82500000011595
121.95000000011916
136.10000000011314
16.325000000099607
35.425000000099494
51.750000000103206
66.40000000010653
79.9000000001096
93.75000000011275
107.85000000011595
121.97500000011917
136.12500000011312
16.350000000099605
35.40000000009949
51.700000000103195
79.82500000010958
93.70000000011274
107.80000000011594
121.90000000011915
136.07500000011316
16.350000000099605
35.425000000099494
51.7250000001032
66.32500000010651
79.82500000010958
93.72500000011274
107.80000000011594
121.90000000011915
136.0500000001132
16.375000000099604
35.52500000009952
51.82500000010322
79.9000000001096
93.80000000011276
107.90000000011597
122.02500000011918
136.17500000011307
16.375000000099604
35.425000000099494
51.7250000001032
79.75000000010957
93.70000000011274
107.77500000011594
121.90000000011915
136.0250000001132
16.325000000099607
35.4500000000995
51.80000000010322
66.57500000010657
79.8750000001096
93.80000000011276
107.87500000011596
122.00000000011917
136.17500000011307
16.325000000099607
35.425000000099494
51.750000000103206
79.8750000001096
93.75000000011275
107.85000000011595
121.97500000011917
136.12500000011312
16.350000000099605
35.475000000099506
51.80000000010322
66.45000000010654
79.85000000010959
93.77500000011275
107.85000000011595
121.97500000011917
136.10000000011314
16.375000000099604
35.4500000000995
51.750000000103206
79.80000000010958
93.72500000011274
107.80000000011594
121.92500000011916
136.07500000011316
16.27500000009961
35.40000000009949
51.750000000103206
79.9250000001096
93.75000000011275
107.85000000011595
122.00000000011917
136.1500000001131
16.350000000099605
35.475000000099506
51.77500000010321
79.80000000010958
93.77500000011275
107.87500000011596
121.97500000011917
136.12500000011312
16.375000000099604
35.475000000099506
51.750000000103206
79.82500000010958
93.72500000011274
107.82500000011595
121.92500000011916
136.0500000001132
16.325000000099607
35.32500000009947
51.700000000103195
66.57500000010657
79.82500000010958
93.70000000011274
107.80000000011594
121.92500000011916
136.07500000011316
16.350000000099605
35.4500000000995
51.750000000103206
79.75000000010957
93.70000000011274
107.77500000011594
121.87500000011914
136.0250000001132
16.375000000099604
35.475000000099506
51.77500000010321
79.85000000010959
93.77500000011275
107.87500000011596
122.00000000011917
136.1500000001131
16.375000000099604
35.4500000000995
51.77500000010321
79.85000000010959
93.72500000011274
107.82500000011595
121.92500000011916
136.07500000011316
16.300000000099608
35.425000000099494
51.77500000010321
79.9250000001096
93.77500000011275
107.85000000011595
121.97500000011917
136.1500000001131
16.300000000099608
35.475000000099506
51.80000000010322
66.55000000010656
79.9000000001096
93.80000000011276
107.87500000011596
122.00000000011917
136.1500000001131
16.325000000099607
35.4500000000995
51.750000000103206
66.57500000010657
79.9000000001096
93.75000000011275
107.85000000011595
121.97500000011917
136.12500000011312
16.375000000099604
35.4500000000995
51.77500000010321
79.82500000010958
93.72500000011274
107.82500000011595
121.92500000011916
136.07500000011316
16.350000000099605
35.425000000099494
51.750000000103206
79.85000000010959
93.72500000011274
107.82500000011595
121.92500000011916
136.07500000011316
16.350000000099605
35.425000000099494
51.750000000103206
66.50000000010655
79.8750000001096
93.72500000011274
107.82500000011595
121.92500000011916
136.07500000011316
16.4250000000996
35.4500000000995
51.750000000103206
66.42500000010654
79.80000000010958
93.72500000011274
107.82500000011595
121.92500000011916
136.07500000011316
16.350000000099605
35.475000000099506
51.77500000010321
79.82500000010958
93.75000000011275
107.82500000011595
121.95000000011916
136.07500000011316
16.350000000099605
35.4500000000995
51.750000000103206
66.40000000010653
79.75000000010957
93.70000000011274
107.80000000011594
121.90000000011915
136.0250000001132
16.325000000099607
35.425000000099494
51.750000000103206
79.9000000001096
93.75000000011275
107.82500000011595
121.95000000011916
136.10000000011314
16.325000000099607
35.475000000099506
51.80000000010322
79.9250000001096
93.77500000011275
107.87500000011596
121.97500000011917
136.12500000011312
16.350000000099605
35.425000000099494
51.750000000103206
79.85000000010959
93.75000000011275
107.85000000011595
121.97500000011917
136.12500000011312
16.325000000099607
35.37500000009948
51.700000000103195
79.77500000010957
93.70000000011274
107.80000000011594
121.92500000011916
136.07500000011316
16.325000000099607
35.40000000009949
51.7250000001032
66.57500000010657
79.85000000010959
93.72500000011274
107.82500000011595
121.97500000011917
136.12500000011312
16.350000000099605
35.4500000000995
51.77500000010321
79.80000000010958
93.75000000011275
107.85000000011595
121.97500000011917
136.10000000011314
16.350000000099605
35.50000000009951
51.80000000010322
79.8750000001096
93.80000000011276
107.87500000011596
122.00000000011917
136.1500000001131
16.325000000099607
35.4500000000995
51.750000000103206
79.8750000001096
93.75000000011275
107.85000000011595
121.97500000011917
136.12500000011312
16.350000000099605
35.425000000099494
51.750000000103206
79.80000000010958
93.70000000011274
107.80000000011594
121.90000000011915
136.0250000001132
16.350000000099605
35.40000000009949
51.700000000103195
66.50000000010655
79.82500000010958
93.67500000011273
107.77500000011594
121.90000000011915
136.0250000001132
16.400000000099602
35.475000000099506
51.750000000103206
66.60000000010658
79.77500000010957
93.72500000011274
107.82500000011595
121.90000000011915
136.0500000001132
16.300000000099608
35.475000000099506
51.80000000010322
80.00000000010962
93.77500000011275
107.87500000011596
122.00000000011917
136.1500000001131
16.350000000099605
35.475000000099506
51.80000000010322
79.97500000010962
93.80000000011276
107.90000000011597
122.02500000011918
136.20000000011305
16.400000000099602
35.425000000099494
51.750000000103206
79.82500000010958
93.75000000011275
107.85000000011595
121.95000000011916
136.10000000011314
16.4250000000996
35.50000000009951
51.82500000010322
79.95000000010961
93.82500000011277
107.90000000011597
122.02500000011918
136.20000000011305
16.325000000099607
35.4500000000995
51.750000000103206
79.77500000010957
93.75000000011275
107.82500000011595
121.95000000011916
136.10000000011314
16.300000000099608
35.37500000009948
51.7250000001032
66.62500000010658
79.8750000001096
93.72500000011274
107.80000000011594
121.95000000011916
136.10000000011314
16.27500000009961
35.425000000099494
51.750000000103206
66.42500000010654
79.82500000010958
93.75000000011275
107.82500000011595
121.95000000011916
136.10000000011314
16.350000000099605
35.40000000009949
51.750000000103206
66.62500000010658
79.8750000001096
93.75000000011275
107.82500000011595
121.95000000011916
136.12500000011312
16.400000000099602
35.50000000009951
51.80000000010322
79.85000000010959
93.80000000011276
107.87500000011596
121.97500000011917
136.12500000011312
16.325000000099607
35.425000000099494
51.700000000103195
66.37500000010652
79.72500000010956
93.67500000011273
107.77500000011594
121.87500000011914
136.0250000001132
16.300000000099608
35.475000000099506
51.80000000010322
79.95000000010961
93.80000000011276
107.90000000011597
122.02500000011918
136.17500000011307
16.350000000099605
35.475000000099506
51.77500000010321
66.7250000001066
79.85000000010959
93.75000000011275
107.82500000011595
121.92500000011916
136.0500000001132
16.350000000099605
35.425000000099494
51.7250000001032
66.42500000010654
79.8750000001096
93.72500000011274
107.82500000011595
121.95000000011916
136.10000000011314
16.350000000099605
35.4500000000995
51.750000000103206
66.55000000010656
79.75000000010957
93.75000000011275
107.85000000011595
121.97500000011917
136.12500000011312
16.400000000099602
35.50000000009951
51.77500000010321
79.85000000010959
93.77500000011275
107.85000000011595
121.95000000011916
136.10000000011314
16.300000000099608
35.40000000009949
51.700000000103195
79.80000000010958
93.67500000011273
107.77500000011594
121.90000000011915
136.0500000001132
16.350000000099605
35.475000000099506
51.80000000010322
79.97500000010962
93.80000000011276
107.90000000011597
122.00000000011917
136.17500000011307
16.325000000099607
35.425000000099494
51.750000000103206
79.9000000001096
93.75000000011275
107.85000000011595
121.97500000011917
136.1500000001131
16.300000000099608
35.37500000009948
51.7250000001032
66.55000000010656
79.9250000001096
93.72500000011274
107.82500000011595
121.95000000011916
136.12500000011312
16.375000000099604
35.4500000000995
51.80000000010322
79.82500000010958
93.77500000011275
107.85000000011595
121.97500000011917
136.12500000011312
16.4250000000996
35.52500000009952
51.82500000010322
79.95000000010961
93.80000000011276
107.90000000011597
122.02500000011918
136.17500000011307
16.375000000099604
35.475000000099506
51.77500000010321
79.85000000010959
93.77500000011275
107.87500000011596
122.00000000011917
136.1500000001131
16.27500000009961
35.37500000009948
51.700000000103195
79.85000000010959
93.75000000011275
107.82500000011595
121.95000000011916
136.12500000011312
16.300000000099608
35.4500000000995
51.750000000103206
66.45000000010654
79.85000000010959
93.72500000011274
107.82500000011595
121.92500000011916
136.07500000011316
16.375000000099604
35.475000000099506
51.77500000010321
79.82500000010958
93.75000000011275
107.85000000011595
121.95000000011916
136.10000000011314
16.325000000099607
35.425000000099494
51.750000000103206
79.9250000001096
93.75000000011275
107.85000000011595
121.97500000011917
136.1500000001131
16.350000000099605
35.425000000099494
51.750000000103206
66.82500000010663
79.77500000010957
93.75000000011275
107.82500000011595
121.92500000011916
136.07500000011316
16.325000000099607
35.475000000099506
51.750000000103206
66.40000000010653
79.9000000001096
93.75000000011275
107.82500000011595
121.95000000011916
136.10000000011314
16.300000000099608
35.425000000099494
51.7250000001032
66.55000000010656
79.80000000010958
93.70000000011274
107.80000000011594
121.92500000011916
136.07500000011316
16.325000000099607
35.4500000000995
51.77500000010321
66.55000000010656
79.9000000001096
93.77500000011275
107.87500000011596
122.00000000011917
136.1500000001131
16.350000000099605
35.35000000009948
51.700000000103195
66.47500000010655
79.82500000010958
93.70000000011274
107.77500000011594
121.90000000011915
136.0500000001132
16.325000000099607
35.425000000099494
51.77500000010321
66.55000000010656
79.85000000010959
93.75000000011275
107.85000000011595
121.95000000011916
136.10000000011314
16.400000000099602
35.475000000099506
51.80000000010322
79.9250000001096
93.80000000011276
107.90000000011597
122.02500000011918
136.17500000011307
16.375000000099604
35.50000000009951
51.80000000010322
79.95000000010961
93.80000000011276
107.90000000011597
122.02500000011918
136.17500000011307
16.325000000099607
35.40000000009949
51.7250000001032
66.35000000010652
79.80000000010958
93.72500000011274
107.80000000011594
121.92500000011916
136.07500000011316
16.350000000099605
35.475000000099506
51.77500000010321
79.9000000001096
93.77500000011275
107.87500000011596
122.00000000011917
136.1500000001131
16.27500000009961
35.37500000009948
51.7250000001032
79.9000000001096
93.72500000011274
107.82500000011595
121.95000000011916
136.12500000011312
16.375000000099604
35.52500000009952
51.82500000010322
79.9000000001096
93.80000000011276
107.90000000011597
122.00000000011917
136.1500000001131
16.400000000099602
35.52500000009952
51.80000000010322
66.45000000010654
79.9000000001096
93.77500000011275
107.85000000011595
121.95000000011916
136.07500000011316
16.27500000009961
35.35000000009948
51.67500000010319
79.8750000001096
93.70000000011274
107.80000000011594
121.92500000011916
136.10000000011314
16.375000000099604
35.40000000009949
51.7250000001032
79.82500000010958
93.72500000011274
107.82500000011595
121.95000000011916
136.10000000011314
16.350000000099605
35.425000000099494
51.77500000010321
66.52500000010656
79.8750000001096
93.77500000011275
107.85000000011595
121.97500000011917
136.1500000001131
16.350000000099605
35.40000000009949
51.7250000001032
79.75000000010957
93.70000000011274
107.80000000011594
121.92500000011916
136.0500000001132
16.375000000099604
35.52500000009952
51.82500000010322
79.9000000001096
93.80000000011276
107.90000000011597
122.00000000011917
136.1500000001131
16.325000000099607
35.37500000009948
51.7250000001032
79.80000000010958
93.72500000011274
107.82500000011595
121.92500000011916
136.07500000011316
16.300000000099608
35.37500000009948
51.700000000103195
66.47500000010655
79.77500000010957
93.70000000011274
107.82500000011595
121.92500000011916
136.10000000011314
16.350000000099605
35.4500000000995
51.750000000103206
79.85000000010959
93.72500000011274
107.82500000011595
121.92500000011916
136.07500000011316
16.300000000099608
35.37500000009948
51.700000000103195
79.67500000010955
93.65000000011273
107.72500000011593
121.82500000011913
135.95000000011328
16.325000000099607
35.475000000099506
51.750000000103206
79.9000000001096
93.77500000011275
107.85000000011595
121.97500000011917
136.12500000011312
16.300000000099608
35.37500000009948
51.700000000103195
79.85000000010959
93.70000000011274
107.80000000011594
121.92500000011916
136.07500000011316
16.350000000099605
35.475000000099506
51.750000000103206
79.80000000010958
93.75000000011275
107.82500000011595
121.95000000011916
136.10000000011314
16.325000000099607
35.40000000009949
51.7250000001032
66.50000000010655
79.82500000010958
93.72500000011274
107.80000000011594
121.92500000011916
136.07500000011316
16.350000000099605
35.475000000099506
51.77500000010321
79.9000000001096
93.75000000011275
107.85000000011595
121.95000000011916
136.10000000011314
16.350000000099605
35.4500000000995
51.750000000103206
79.8750000001096
93.75000000011275
107.85000000011595
121.97500000011917
136.12500000011312
16.350000000099605
35.40000000009949
51.7250000001032
79.82500000010958
93.70000000011274
107.77500000011594
121.90000000011915
136.0250000001132
16.4250000000996
35.50000000009951
51.82500000010322
79.85000000010959
93.82500000011277
107.92500000011597
122.05000000011918
136.20000000011305
16.400000000099602
35.425000000099494
51.750000000103206
66.45000000010654
79.82500000010958
93.72500000011274
107.82500000011595
121.95000000011916
136.10000000011314
16.350000000099605
35.475000000099506
51.7250000001032
79.85000000010959
93.72500000011274
107.80000000011594
121.90000000011915
136.0500000001132
16.375000000099604
35.55000000009952
51.82500000010322
79.9250000001096
93.80000000011276
107.90000000011597
122.00000000011917
136.1500000001131
16.375000000099604
35.40000000009949
51.700000000103195
66.30000000010651
79.72500000010956
93.65000000011273
107.75000000011593
121.82500000011913
135.95000000011328
16.325000000099607
35.40000000009949
51.7250000001032
79.85000000010959
93.72500000011274
107.80000000011594
121.92500000011916
136.07500000011316
16.325000000099607
35.425000000099494
51.7250000001032
66.45000000010654
79.77500000010957
93.72500000011274
107.80000000011594
121.92500000011916
136.07500000011316
16.325000000099607
35.4500000000995
51.7250000001032
66.47500000010655
79.82500000010958
93.72500000011274
107.82500000011595
121.92500000011916
136.07500000011316
16.325000000099607
35.37500000009948
51.700000000103195
66.35000000010652
79.77500000010957
93.67500000011273
107.77500000011594
121.90000000011915
136.0500000001132
16.400000000099602
35.52500000009952
51.77500000010321
79.77500000010957
93.77500000011275
107.85000000011595
121.95000000011916
136.10000000011314
16.375000000099604
35.475000000099506
51.77500000010321
79.9250000001096
93.75000000011275
107.85000000011595
121.95000000011916
136.10000000011314
16.375000000099604
35.50000000009951
51.80000000010322
79.80000000010958
93.75000000011275
107.82500000011595
121.92500000011916
136.07500000011316
16.27500000009961
35.35000000009948
51.700000000103195
66.32500000010651
79.80000000010958
93.70000000011274
107.80000000011594
121.92500000011916
136.07500000011316
16.400000000099602
35.37500000009948
51.750000000103206
79.82500000010958
93.75000000011275
107.85000000011595
121.97500000011917
136.12500000011312
16.350000000099605
35.475000000099506
51.80000000010322
79.8750000001096
93.80000000011276
107.87500000011596
122.00000000011917
136.1500000001131
16.300000000099608
35.425000000099494
51.750000000103206
66.57500000010657
79.9250000001096
93.77500000011275
107.87500000011596
122.00000000011917
136.17500000011307
16.325000000099607
35.37500000009948
51.7250000001032
66.40000000010653
79.80000000010958
93.72500000011274
107.80000000011594
121.95000000011916
136.10000000011314
16.375000000099604
35.50000000009951
51.82500000010322
79.8750000001096
93.82500000011277
107.90000000011597
122.02500000011918
136.17500000011307
16.325000000099607
35.425000000099494
51.7250000001032
66.35000000010652
79.75000000010957
93.70000000011274
107.77500000011594
121.87500000011914
136.0250000001132
16.300000000099608
35.37500000009948
51.7250000001032
66.35000000010652
79.80000000010958
93.72500000011274
107.82500000011595
121.95000000011916
136.10000000011314
16.350000000099605
35.4500000000995
51.77500000010321
79.8750000001096
93.77500000011275
107.85000000011595
121.97500000011917
136.12500000011312
16.300000000099608
35.35000000009948
51.700000000103195
66.42500000010654
79.85000000010959
93.70000000011274
107.80000000011594
121.95000000011916
136.10000000011314
16.25000000009961
35.425000000099494
51.750000000103206
79.9250000001096
93.77500000011275
107.87500000011596
122.00000000011917
136.17500000011307
16.325000000099607
35.40000000009949
51.750000000103206
79.82500000010958
93.75000000011275
107.82500000011595
121.95000000011916
136.10000000011314
16.350000000099605
35.52500000009952
51.80000000010322
66.62500000010658
79.82500000010958
93.77500000011275
107.87500000011596
121.97500000011917
136.12500000011312
16.325000000099607
35.475000000099506
51.80000000010322
80.00000000010962
93.80000000011276
107.87500000011596
122.00000000011917
136.1500000001131
16.325000000099607
35.425000000099494
51.7250000001032
66.42500000010654
79.9250000001096
93.75000000011275
107.85000000011595
121.95000000011916
136.12500000011312
16.350000000099605
35.40000000009949
51.700000000103195
79.80000000010958
93.70000000011274
107.77500000011594
121.90000000011915
136.0500000001132
16.375000000099604
35.50000000009951
51.77500000010321
79.9000000001096
93.75000000011275
107.85000000011595
121.95000000011916
136.10000000011314
16.325000000099607
35.50000000009951
51.77500000010321
79.85000000010959
93.75000000011275
107.82500000011595
121.92500000011916
136.07500000011316
16.325000000099607
35.425000000099494
51.750000000103206
66.47500000010655
79.8750000001096
93.77500000011275
107.85000000011595
122.00000000011917
136.1500000001131
16.375000000099604
35.475000000099506
51.77500000010321
79.82500000010958
93.75000000011275
107.82500000011595
121.95000000011916
136.10000000011314
16.300000000099608
35.425000000099494
51.7250000001032
79.77500000010957
93.70000000011274
107.77500000011594
121.87500000011914
136.0250000001132
16.375000000099604
35.475000000099506
51.77500000010321
79.77500000010957
93.75000000011275
107.85000000011595
121.95000000011916
136.07500000011316
16.350000000099605
35.50000000009951
51.80000000010322
79.8750000001096
93.80000000011276
107.90000000011597
122.02500000011918
136.20000000011305
16.325000000099607
35.425000000099494
51.67500000010319
66.45000000010654
79.72500000010956
93.65000000011273
107.75000000011593
121.82500000011913
135.97500000011325
16.300000000099608
35.40000000009949
51.700000000103195
79.8750000001096
93.70000000011274
107.80000000011594
121.92500000011916
136.07500000011316
16.225000000099612
35.40000000009949
51.7250000001032
66.62500000010658
79.95000000010961
93.75000000011275
107.85000000011595
121.97500000011917
136.1500000001131
16.350000000099605
35.4500000000995
51.750000000103206
79.82500000010958
93.72500000011274
107.82500000011595
121.92500000011916
136.07500000011316
16.350000000099605
35.425000000099494
51.750000000103206
79.85000000010959
93.72500000011274
107.82500000011595
121.95000000011916
136.10000000011314
16.325000000099607
35.475000000099506
51.750000000103206
79.82500000010958
93.75000000011275
107.82500000011595
121.95000000011916
136.10000000011314
16.300000000099608
35.475000000099506
51.77500000010321
80.02500000010963
93.80000000011276
107.87500000011596
122.00000000011917
136.17500000011307
16.375000000099604
35.475000000099506
51.77500000010321
66.82500000010663
79.9000000001096
93.77500000011275
107.87500000011596
122.00000000011917
136.1500000001131
16.400000000099602
35.50000000009951
51.80000000010322
66.7250000001066
79.97500000010962
93.80000000011276
107.87500000011596
122.00000000011917
136.17500000011307
16.375000000099604
35.50000000009951
51.80000000010322
79.85000000010959
93.80000000011276
107.87500000011596
122.00000000011917
136.1500000001131
16.375000000099604
35.475000000099506
51.80000000010322
79.9250000001096
93.80000000011276
107.87500000011596
122.00000000011917
136.17500000011307
16.300000000099608
35.425000000099494
51.750000000103206
66.50000000010655
79.82500000010958
93.75000000011275
107.82500000011595
121.95000000011916
136.10000000011314
16.300000000099608
35.40000000009949
51.750000000103206
66.37500000010652
79.9000000001096
93.72500000011274
107.82500000011595
121.92500000011916
136.07500000011316
16.400000000099602
35.52500000009952
51.82500000010322
79.9250000001096
93.82500000011277
107.90000000011597
122.02500000011918
136.17500000011307
16.300000000099608
35.40000000009949
51.7250000001032
79.82500000010958
93.72500000011274
107.82500000011595
121.92500000011916
136.07500000011316
16.400000000099602
35.425000000099494
51.77500000010321
79.82500000010958
93.75000000011275
107.85000000011595
121.97500000011917
136.12500000011312
16.300000000099608
35.40000000009949
51.750000000103206
66.47500000010655
79.82500000010958
93.72500000011274
107.82500000011595
121.92500000011916
136.07500000011316
16.300000000099608
35.37500000009948
51.700000000103195
66.47500000010655
79.82500000010958
93.67500000011273
107.77500000011594
121.90000000011915
136.0500000001132
16.25000000009961
35.35000000009948
51.700000000103195
79.8750000001096
93.72500000011274
107.82500000011595
121.95000000011916
136.12500000011312
16.4250000000996
35.55000000009952
51.85000000010323
79.77500000010957
93.80000000011276
107.87500000011596
122.00000000011917
136.1500000001131
16.400000000099602
35.4500000000995
51.750000000103206
66.60000000010658
79.85000000010959
93.72500000011274
107.82500000011595
121.92500000011916
136.07500000011316
16.300000000099608
35.37500000009948
51.67500000010319
66.40000000010653
79.80000000010958
93.70000000011274
107.77500000011594
121.90000000011915
136.07500000011316
16.375000000099604
35.475000000099506
51.80000000010322
79.97500000010962
93.80000000011276
107.87500000011596
122.00000000011917
136.17500000011307
16.350000000099605
35.40000000009949
51.700000000103195
79.77500000010957
93.67500000011273
107.77500000011594
121.87500000011914
136.0250000001132
16.375000000099604
35.35000000009948
51.700000000103195
79.77500000010957
93.67500000011273
107.77500000011594
121.90000000011915
136.0500000001132
16.325000000099607
35.475000000099506
51.77500000010321
79.80000000010958
93.75000000011275
107.82500000011595
121.92500000011916
136.07500000011316
16.375000000099604
35.4500000000995
51.77500000010321
79.9000000001096
93.77500000011275
107.87500000011596
122.00000000011917
136.1500000001131
16.350000000099605
35.4500000000995
51.77500000010321
66.47500000010655
79.95000000010961
93.77500000011275
107.87500000011596
122.00000000011917
136.1500000001131
16.325000000099607
35.475000000099506
51.77500000010321
79.9000000001096
93.80000000011276
107.87500000011596
122.00000000011917
136.17500000011307
16.300000000099608
35.37500000009948
51.700000000103195
66.47500000010655
79.8750000001096
93.72500000011274
107.80000000011594
121.92500000011916
136.07500000011316
16.350000000099605
35.475000000099506
51.80000000010322
79.97500000010962
93.80000000011276
107.90000000011597
122.02500000011918
136.17500000011307
16.375000000099604
35.475000000099506
51.80000000010322
79.9000000001096
93.80000000011276
107.90000000011597
122.02500000011918
136.17500000011307
16.300000000099608
35.4500000000995
51.77500000010321
66.40000000010653
79.9250000001096
93.75000000011275
107.85000000011595
121.97500000011917
136.12500000011312
16.350000000099605
35.40000000009949
51.7250000001032
66.40000000010653
79.82500000010958
93.67500000011273
107.77500000011594
121.90000000011915
136.0250000001132
16.300000000099608
35.37500000009948
51.700000000103195
79.75000000010957
93.67500000011273
107.77500000011594
121.87500000011914
136.0250000001132
16.350000000099605
35.425000000099494
51.750000000103206
66.42500000010654
79.85000000010959
93.75000000011275
107.82500000011595
121.95000000011916
136.10000000011314
16.350000000099605
35.475000000099506
51.77500000010321
79.80000000010958
93.72500000011274
107.82500000011595
121.92500000011916
136.0500000001132
16.350000000099605
35.475000000099506
51.77500000010321
66.57500000010657
79.9250000001096
93.77500000011275
107.85000000011595
121.97500000011917
136.12500000011312
16.350000000099605
35.40000000009949
51.7250000001032
66.42500000010654
79.82500000010958
93.70000000011274
107.77500000011594
121.90000000011915
136.0250000001132
16.350000000099605
35.4500000000995
51.77500000010321
79.85000000010959
93.75000000011275
107.85000000011595
121.97500000011917
136.12500000011312
16.300000000099608
35.35000000009948
51.700000000103195
66.42500000010654
79.82500000010958
93.70000000011274
107.77500000011594
121.90000000011915
136.0500000001132
16.400000000099602
35.4500000000995
51.77500000010321
79.82500000010958
93.75000000011275
107.85000000011595
121.95000000011916
136.10000000011314
