8.70000000010004
24.600000000099136
40.77500000010071
55.525000000104065
77.57500000010907
8.725000000100039
24.55000000009914
40.700000000100694
55.47500000010405
77.55000000010907
8.925000000100027
24.625000000099135
40.77500000010071
55.525000000104065
77.52500000010906
92.30000000011242
8.675000000100042
24.575000000099138
40.77500000010071
55.50000000010406
77.55000000010907
8.625000000100044
24.675000000099132
40.85000000010073
55.60000000010408
77.7000000001091
8.52500000010005
24.575000000099138
40.750000000100705
55.47500000010405
77.42500000010904
92.10000000011237
8.600000000100046
24.625000000099135
40.80000000010072
55.525000000104065
77.77500000010912
8.625000000100044
24.575000000099138
40.750000000100705
55.47500000010405
77.62500000010908
8.750000000100037
24.55000000009914
40.750000000100705
55.45000000010405
77.20000000010899
91.92500000011233
8.625000000100044
24.600000000099136
40.82500000010072
55.525000000104065
77.45000000010904
8.625000000100044
24.625000000099135
40.80000000010072
55.55000000010407
77.50000000010905
8.625000000100044
24.650000000099134
40.82500000010072
55.55000000010407
77.37500000010903
92.35000000011243
8.475000000100053
24.625000000099135
40.77500000010071
55.525000000104065
77.80000000010912
8.575000000100047
24.600000000099136
40.750000000100705
55.50000000010406
77.50000000010905
92.25000000011241
8.600000000100046
24.600000000099136
40.77500000010071
55.525000000104065
77.80000000010912
8.800000000100034
24.625000000099135
40.80000000010072
55.525000000104065
77.6750000001091
8.675000000100042
24.52500000009914
40.67500000010069
55.47500000010405
77.92500000010915
8.70000000010004
24.600000000099136
40.77500000010071
55.525000000104065
77.85000000010913
103.60000000011499
8.575000000100047
24.625000000099135
40.80000000010072
55.525000000104065
77.77500000010912
103.47500000011496
8.750000000100037
24.575000000099138
40.750000000100705
55.50000000010406
77.62500000010908
8.500000000100052
24.575000000099138
40.750000000100705
55.45000000010405
77.6750000001091
8.800000000100034
24.600000000099136
40.77500000010071
55.525000000104065
77.75000000010911
8.650000000100043
24.575000000099138
40.77500000010071
55.50000000010406
77.7250000001091
8.775000000100036
24.625000000099135
40.82500000010072
55.525000000104065
77.20000000010899
8.550000000100049
24.625000000099135
40.80000000010072
55.525000000104065
77.65000000010909
8.775000000100036
24.55000000009914
40.750000000100705
55.47500000010405
77.37500000010903
92.35000000011243
8.550000000100049
24.600000000099136
40.750000000100705
55.47500000010405
77.65000000010909
8.70000000010004
24.575000000099138
40.77500000010071
55.50000000010406
78.00000000010917
94.07500000011282
103.50000000011497
8.675000000100042
24.625000000099135
40.85000000010073
55.55000000010407
78.02500000010917
94.20000000011285
103.35000000011493
8.475000000100053
24.575000000099138
40.750000000100705
55.50000000010406
77.92500000010915
8.70000000010004
24.650000000099134
40.875000000100734
55.575000000104076
77.60000000010908
8.675000000100042
24.55000000009914
40.7250000001007
55.47500000010405
77.52500000010906
92.02500000011236
8.625000000100044
24.600000000099136
40.77500000010071
55.50000000010406
77.37500000010903
8.475000000100053
24.55000000009914
40.7250000001007
55.45000000010405
77.10000000010896
91.72500000011229
8.600000000100046
24.650000000099134
40.875000000100734
55.55000000010407
77.75000000010911
103.50000000011497
8.575000000100047
24.55000000009914
40.7250000001007
55.50000000010406
77.7250000001091
8.450000000100054
24.650000000099134
40.80000000010072
55.55000000010407
77.80000000010912
8.650000000100043
24.575000000099138
40.750000000100705
55.47500000010405
77.65000000010909
8.750000000100037
24.625000000099135
40.77500000010071
55.55000000010407
78.05000000010918
94.05000000011282
8.725000000100039
24.575000000099138
40.77500000010071
55.45000000010405
77.32500000010901
8.550000000100049
24.55000000009914
40.700000000100694
55.45000000010405
77.40000000010903
92.07500000011237
8.650000000100043
24.55000000009914
40.7250000001007
55.47500000010405
77.65000000010909
92.70000000011251
8.750000000100037
24.575000000099138
40.750000000100705
55.47500000010405
77.7250000001091
8.52500000010005
24.600000000099136
40.77500000010071
55.525000000104065
77.82500000010913
8.750000000100037
24.52500000009914
40.700000000100694
55.42500000010404
77.32500000010901
91.87500000011232
8.70000000010004
24.600000000099136
40.7250000001007
55.47500000010405
77.7250000001091
103.45000000011495
8.750000000100037
24.575000000099138
40.750000000100705
55.45000000010405
77.47500000010905
8.575000000100047
24.52500000009914
40.7250000001007
55.42500000010404
77.90000000010915
103.50000000011497
8.725000000100039
24.600000000099136
40.82500000010072
55.55000000010407
77.6750000001091
8.650000000100043
24.650000000099134
40.80000000010072
55.60000000010408
77.85000000010913
94.25000000011286
8.70000000010004
24.675000000099132
40.82500000010072
55.60000000010408
77.45000000010904
8.975000000100025
24.600000000099136
40.80000000010072
55.50000000010406
77.37500000010903
8.775000000100036
24.625000000099135
40.80000000010072
55.55000000010407
77.62500000010908
103.40000000011494
8.775000000100036
24.52500000009914
40.67500000010069
55.42500000010404
77.62500000010908
8.550000000100049
24.625000000099135
40.82500000010072
55.55000000010407
77.85000000010913
94.05000000011282
103.32500000011493
8.900000000100029
24.52500000009914
40.67500000010069
55.45000000010405
77.75000000010911
103.42500000011495
8.625000000100044
24.600000000099136
40.750000000100705
55.50000000010406
77.30000000010901
8.575000000100047
24.600000000099136
40.750000000100705
55.525000000104065
77.57500000010907
8.550000000100049
24.575000000099138
40.77500000010071
55.525000000104065
77.6750000001091
92.47500000011246
8.675000000100042
24.600000000099136
40.77500000010071
55.50000000010406
77.40000000010903
91.97500000011235
8.87500000010003
24.625000000099135
40.77500000010071
55.525000000104065
77.55000000010907
8.52500000010005
24.600000000099136
40.77500000010071
55.525000000104065
77.87500000010914
103.32500000011493
8.825000000100033
24.52500000009914
40.700000000100694
55.45000000010405
77.55000000010907
103.35000000011493
8.475000000100053
24.600000000099136
40.82500000010072
55.575000000104076
77.62500000010908
8.600000000100046
24.55000000009914
40.750000000100705
55.47500000010405
77.50000000010905
8.550000000100049
24.575000000099138
40.7250000001007
55.47500000010405
77.52500000010906
8.675000000100042
24.650000000099134
40.85000000010073
55.60000000010408
77.57500000010907
8.675000000100042
24.625000000099135
40.82500000010072
55.55000000010407
77.60000000010908
8.650000000100043
24.575000000099138
40.7250000001007
55.47500000010405
77.35000000010902
91.90000000011233
8.650000000100043
24.675000000099132
40.85000000010073
55.60000000010408
77.52500000010906
8.900000000100029
24.600000000099136
40.77500000010071
55.50000000010406
77.52500000010906
8.825000000100033
24.625000000099135
40.77500000010071
55.525000000104065
77.7000000001091
103.35000000011493
8.650000000100043
24.625000000099135
40.750000000100705
55.525000000104065
77.30000000010901
8.550000000100049
24.625000000099135
40.80000000010072
55.55000000010407
77.40000000010903
8.550000000100049
24.55000000009914
40.77500000010071
55.47500000010405
77.12500000010897
91.72500000011229
8.750000000100037
24.52500000009914
40.700000000100694
55.45000000010405
77.65000000010909
103.37500000011494
8.550000000100049
24.55000000009914
40.7250000001007
55.45000000010405
77.60000000010908
8.70000000010004
24.600000000099136
40.77500000010071
55.525000000104065
77.7000000001091
8.575000000100047
24.625000000099135
40.750000000100705
55.55000000010407
77.42500000010904
8.650000000100043
24.70000000009913
40.85000000010073
55.60000000010408
77.57500000010907
8.675000000100042
24.52500000009914
40.7250000001007
55.42500000010404
77.85000000010913
8.600000000100046
24.625000000099135
40.77500000010071
55.50000000010406
77.50000000010905
8.625000000100044
24.500000000099142
40.67500000010069
55.42500000010404
77.32500000010901
91.95000000011234
8.625000000100044
24.600000000099136
40.700000000100694
55.50000000010406
77.97500000010916
8.550000000100049
24.55000000009914
40.750000000100705
55.50000000010406
77.75000000010911
8.775000000100036
24.600000000099136
40.80000000010072
55.525000000104065
77.80000000010912
94.17500000011285
8.575000000100047
24.600000000099136
40.750000000100705
55.50000000010406
77.60000000010908
8.70000000010004
24.55000000009914
40.7250000001007
55.45000000010405
78.10000000010919
93.9500000001128
103.52500000011497
8.625000000100044
24.52500000009914
40.67500000010069
55.42500000010404
77.50000000010905
103.40000000011494
8.575000000100047
24.575000000099138
40.750000000100705
55.47500000010405
77.47500000010905
92.05000000011236
8.600000000100046
24.625000000099135
40.80000000010072
55.55000000010407
77.40000000010903
8.725000000100039
24.600000000099136
40.77500000010071
55.525000000104065
77.60000000010908
8.70000000010004
24.52500000009914
40.7250000001007
55.47500000010405
77.7250000001091
8.650000000100043
24.625000000099135
40.80000000010072
55.525000000104065
77.32500000010901
8.500000000100052
24.600000000099136
40.77500000010071
55.525000000104065
77.57500000010907
8.750000000100037
24.625000000099135
40.80000000010072
55.50000000010406
77.10000000010896
79.75000000010957
8.600000000100046
24.55000000009914
40.7250000001007
55.47500000010405
77.60000000010908
8.650000000100043
24.675000000099132
40.85000000010073
55.575000000104076
77.90000000010915
103.55000000011498
8.725000000100039
24.52500000009914
40.750000000100705
55.42500000010404
77.57500000010907
8.725000000100039
24.575000000099138
40.750000000100705
55.525000000104065
77.50000000010905
