18.825000000099465
60.30000000010515
74.47500000010837
100.07500000011419
123.77500000011958
135.150000000114
149.3250000001011
60.42500000010518
100.25000000011423
123.77500000011958
135.07500000011407
149.40000000010104
60.325000000105156
74.72500000010842
99.87500000011414
123.67500000011955
135.07500000011407
149.30000000010114
60.35000000010516
74.6250000001084
100.1250000001142
123.77500000011958
135.17500000011398
149.3250000001011
60.325000000105156
74.95000000010847
100.07500000011419
123.82500000011959
135.07500000011407
149.3250000001011
60.40000000010517
100.1500000001142
123.72500000011956
135.10000000011405
149.3500000001011
60.30000000010515
74.55000000010838
99.92500000011415
123.62500000011954
135.10000000011405
149.27500000010116
60.325000000105156
74.72500000010842
100.1500000001142
123.82500000011959
135.22500000011394
149.3500000001011
60.37500000010517
74.80000000010844
100.32500000011424
123.82500000011959
135.20000000011396
149.3500000001011
19.200000000099443
60.37500000010517
74.55000000010838
100.10000000011419
123.72500000011956
135.12500000011403
149.3250000001011
60.42500000010518
100.32500000011424
123.77500000011958
135.20000000011396
149.37500000010107
60.325000000105156
74.57500000010839
100.1500000001142
123.82500000011959
135.30000000011387
149.30000000010114
60.30000000010515
75.12500000010851
100.1500000001142
123.75000000011957
135.10000000011405
149.30000000010114
60.35000000010516
74.6000000001084
100.22500000011422
123.92500000011961
135.2750000001139
149.3500000001011
60.37500000010517
100.1500000001142
123.80000000011958
135.2750000001139
149.3250000001011
60.35000000010516
74.90000000010846
100.27500000011423
123.75000000011957
135.22500000011394
149.30000000010114
60.42500000010518
100.1500000001142
123.85000000011959
135.17500000011398
149.37500000010107
60.25000000010514
74.6000000001084
100.10000000011419
123.67500000011955
135.12500000011403
149.30000000010114
60.40000000010517
74.75000000010843
100.25000000011423
123.8750000001196
135.2750000001139
149.3250000001011
18.950000000099458
60.37500000010517
74.50000000010837
99.95000000011416
123.72500000011956
135.07500000011407
149.30000000010114
60.40000000010517
74.75000000010843
100.27500000011423
123.85000000011959
135.32500000011385
149.3500000001011
60.37500000010517
75.00000000010849
100.1250000001142
123.77500000011958
135.10000000011405
149.3500000001011
60.35000000010516
100.10000000011419
123.75000000011957
135.12500000011403
149.3250000001011
60.275000000105145
74.6250000001084
123.8750000001196
135.10000000011405
149.25000000010118
19.150000000099446
60.22500000010513
74.50000000010837
100.00000000011417
123.75000000011957
134.9500000001142
149.25000000010118
60.35000000010516
74.67500000010841
100.07500000011419
123.75000000011957
135.30000000011387
149.3500000001011
60.37500000010517
74.92500000010847
100.1500000001142
123.82500000011959
135.17500000011398
149.3500000001011
60.325000000105156
74.6000000001084
100.75000000011434
123.77500000011958
135.22500000011394
149.30000000010114
60.30000000010515
74.57500000010839
100.07500000011419
123.72500000011956
135.150000000114
149.30000000010114
60.37500000010517
74.80000000010844
100.1500000001142
123.82500000011959
135.25000000011391
149.3500000001011
60.37500000010517
100.1250000001142
123.77500000011958
135.150000000114
149.3250000001011
60.275000000105145
74.55000000010838
99.97500000011416
123.70000000011956
134.97500000011416
149.27500000010116
60.37500000010517
74.72500000010842
100.20000000011422
123.92500000011961
135.32500000011385
149.37500000010107
60.37500000010517
123.77500000011958
135.25000000011391
149.3500000001011
60.35000000010516
74.70000000010842
100.02500000011418
123.70000000011956
135.07500000011407
149.30000000010114
60.35000000010516
100.10000000011419
123.70000000011956
135.07500000011407
149.3250000001011
19.150000000099446
60.275000000105145
74.57500000010839
99.87500000011414
123.67500000011955
135.10000000011405
149.27500000010116
18.90000000009946
60.325000000105156
74.45000000010836
100.22500000011422
123.77500000011958
135.22500000011394
149.30000000010114
60.275000000105145
74.6500000001084
100.1500000001142
123.72500000011956
135.12500000011403
149.27500000010116
60.37500000010517
100.10000000011419
123.65000000011955
135.150000000114
149.30000000010114
18.92500000009946
60.325000000105156
74.45000000010836
99.95000000011416
123.75000000011957
135.12500000011403
149.27500000010116
60.275000000105145
74.55000000010838
100.05000000011418
123.72500000011956
135.0500000001141
149.25000000010118
19.375000000099433
60.30000000010515
74.55000000010838
100.1500000001142
123.9000000001196
135.12500000011403
149.3250000001011
60.325000000105156
74.50000000010837
100.00000000011417
123.70000000011956
135.10000000011405
149.25000000010118
60.325000000105156
74.6500000001084
100.05000000011418
123.80000000011958
135.20000000011396
149.3500000001011
19.000000000099455
60.25000000010514
74.45000000010836
100.00000000011417
123.75000000011957
135.17500000011398
149.27500000010116
18.75000000009947
60.30000000010515
74.37500000010834
99.92500000011415
123.72500000011956
135.10000000011405
149.27500000010116
60.325000000105156
74.57500000010839
100.10000000011419
123.82500000011959
135.20000000011396
149.30000000010114
19.025000000099453
60.25000000010514
74.40000000010835
99.90000000011415
123.65000000011955
135.0500000001141
149.25000000010118
18.975000000099456
60.37500000010517
74.52500000010838
100.1250000001142
123.82500000011959
135.150000000114
149.3250000001011
60.42500000010518
100.22500000011422
123.8750000001196
135.22500000011394
149.37500000010107
18.825000000099465
60.25000000010514
74.40000000010835
100.05000000011418
123.70000000011956
135.12500000011403
149.25000000010118
60.37500000010517
74.87500000010846
100.1250000001142
123.75000000011957
135.12500000011403
149.30000000010114
60.35000000010516
74.70000000010842
100.25000000011423
123.82500000011959
135.17500000011398
149.3250000001011
60.37500000010517
123.85000000011959
135.20000000011396
149.3250000001011
60.40000000010517
100.1500000001142
123.67500000011955
135.150000000114
149.3250000001011
60.325000000105156
74.57500000010839
99.97500000011416
123.77500000011958
135.10000000011405
149.30000000010114
60.35000000010516
74.80000000010844
99.95000000011416
123.80000000011958
135.0500000001141
149.3250000001011
19.050000000099452
60.25000000010514
74.42500000010835
99.87500000011414
123.75000000011957
135.07500000011407
149.25000000010118
18.850000000099463
60.25000000010514
74.42500000010835
100.05000000011418
123.8750000001196
135.20000000011396
149.27500000010116
60.35000000010516
74.67500000010841
100.02500000011418
123.75000000011957
135.0500000001141
149.30000000010114
60.35000000010516
74.67500000010841
100.05000000011418
123.75000000011957
135.12500000011403
149.3250000001011
19.000000000099455
60.35000000010516
74.52500000010838
100.17500000011421
123.77500000011958
135.12500000011403
149.30000000010114
60.325000000105156
100.02500000011418
123.77500000011958
135.20000000011396
149.3500000001011
18.92500000009946
60.37500000010517
74.55000000010838
100.10000000011419
123.72500000011956
135.22500000011394
149.3250000001011
19.050000000099452
60.30000000010515
74.50000000010837
100.07500000011419
123.82500000011959
135.25000000011391
149.30000000010114
19.125000000099448
60.35000000010516
74.50000000010837
100.02500000011418
123.67500000011955
135.20000000011396
149.27500000010116
19.225000000099442
60.37500000010517
74.55000000010838
100.1500000001142
123.70000000011956
135.20000000011396
149.3250000001011
60.40000000010517
74.82500000010845
123.80000000011958
135.2750000001139
149.3500000001011
60.325000000105156
74.67500000010841
100.02500000011418
123.72500000011956
135.17500000011398
149.3250000001011
19.550000000099423
60.35000000010516
74.52500000010838
99.97500000011416
123.67500000011955
135.10000000011405
149.30000000010114
60.325000000105156
74.72500000010842
100.17500000011421
123.80000000011958
135.2750000001139
149.3250000001011
60.325000000105156
74.82500000010845
100.22500000011422
123.77500000011958
135.25000000011391
149.3500000001011
19.25000000009944
60.30000000010515
74.47500000010837
100.00000000011417
123.85000000011959
135.12500000011403
149.27500000010116
60.325000000105156
74.95000000010847
100.17500000011421
123.8750000001196
135.10000000011405
149.30000000010114
19.300000000099438
60.30000000010515
74.50000000010837
100.1500000001142
123.82500000011959
135.32500000011385
149.30000000010114
60.325000000105156
74.6250000001084
100.05000000011418
123.72500000011956
135.17500000011398
149.3250000001011
18.92500000009946
60.37500000010517
74.52500000010838
100.1250000001142
123.8750000001196
135.20000000011396
149.3250000001011
60.37500000010517
74.80000000010844
100.05000000011418
123.77500000011958
135.10000000011405
149.3250000001011
60.325000000105156
74.57500000010839
100.20000000011422
123.75000000011957
135.22500000011394
149.3500000001011
19.150000000099446
60.35000000010516
74.57500000010839
100.1250000001142
123.77500000011958
135.150000000114
149.3500000001011
19.10000000009945
60.37500000010517
74.50000000010837
100.10000000011419
123.77500000011958
135.12500000011403
149.3250000001011
60.37500000010517
74.6500000001084
100.1250000001142
123.80000000011958
135.17500000011398
149.3250000001011
19.10000000009945
60.325000000105156
74.55000000010838
100.07500000011419
123.80000000011958
135.150000000114
149.3250000001011
60.37500000010517
74.57500000010839
100.02500000011418
123.77500000011958
135.17500000011398
149.3250000001011
19.225000000099442
60.30000000010515
74.50000000010837
99.97500000011416
123.80000000011958
135.10000000011405
149.30000000010114
19.45000000009943
60.275000000105145
74.52500000010838
100.05000000011418
123.67500000011955
135.02500000011412
149.27500000010116
60.275000000105145
74.77500000010843
100.5750000001143
123.9000000001196
135.20000000011396
149.3250000001011
60.30000000010515
74.90000000010846
100.42500000011427
123.82500000011959
135.32500000011385
149.3250000001011
60.325000000105156
74.6000000001084
100.1500000001142
123.8750000001196
135.25000000011391
149.3250000001011
