17.575000000099536
36.72500000009979
52.625000000103405
80.17500000010966
94.4250000001129
108.45000000011609
122.60000000011931
136.8000000001125
17.575000000099536
36.72500000009979
52.575000000103394
80.15000000010966
94.37500000011289
108.42500000011609
122.5750000001193
136.75000000011255
17.575000000099536
36.67500000009978
52.55000000010339
80.12500000010965
94.32500000011288
108.37500000011607
122.52500000011929
136.72500000011257
17.550000000099537
36.65000000009977
52.52500000010338
80.15000000010966
94.30000000011287
108.35000000011607
122.47500000011928
136.67500000011262
17.575000000099536
36.67500000009978
52.55000000010339
80.12500000010965
94.30000000011287
108.35000000011607
122.50000000011929
136.7000000001126
17.50000000009954
36.65000000009977
52.52500000010338
80.10000000010965
94.32500000011288
108.37500000011607
122.52500000011929
136.7000000001126
17.550000000099537
36.65000000009977
52.52500000010338
80.15000000010966
94.30000000011287
108.35000000011607
122.50000000011929
136.7000000001126
17.575000000099536
36.65000000009977
52.52500000010338
80.10000000010965
94.27500000011287
108.32500000011606
122.47500000011928
136.65000000011264
17.550000000099537
36.67500000009978
52.55000000010339
80.17500000010966
94.35000000011289
108.40000000011608
122.5500000001193
136.75000000011255
17.600000000099534
36.65000000009977
52.575000000103394
80.25000000010968
94.37500000011289
108.42500000011609
122.5750000001193
136.77500000011253
17.575000000099536
36.700000000099784
52.575000000103394
80.15000000010966
94.37500000011289
108.42500000011609
122.5500000001193
136.75000000011255
17.600000000099534
36.700000000099784
52.575000000103394
80.17500000010966
94.37500000011289
108.42500000011609
122.5750000001193
136.75000000011255
17.52500000009954
36.65000000009977
52.52500000010338
80.10000000010965
94.35000000011289
108.37500000011607
122.52500000011929
136.72500000011257
17.575000000099536
36.67500000009978
52.55000000010339
80.12500000010965
94.35000000011289
108.40000000011608
122.5500000001193
136.72500000011257
17.575000000099536
36.700000000099784
52.6000000001034
80.22500000010967
94.37500000011289
108.42500000011609
122.5750000001193
136.77500000011253
17.600000000099534
36.67500000009978
52.55000000010339
80.22500000010967
94.37500000011289
108.42500000011609
122.5500000001193
136.75000000011255
17.575000000099536
36.700000000099784
52.575000000103394
80.22500000010967
94.4000000001129
108.45000000011609
122.60000000011931
136.77500000011253
17.52500000009954
36.62500000009977
52.50000000010338
80.15000000010966
94.30000000011287
108.35000000011607
122.50000000011929
136.7000000001126
17.600000000099534
36.67500000009978
52.575000000103394
80.20000000010967
94.35000000011289
108.42500000011609
122.5750000001193
136.77500000011253
17.600000000099534
36.72500000009979
52.6000000001034
80.20000000010967
94.35000000011289
108.40000000011608
122.5500000001193
136.75000000011255
17.575000000099536
36.700000000099784
52.575000000103394
80.17500000010966
94.35000000011289
108.40000000011608
122.5500000001193
136.75000000011255
17.575000000099536
36.67500000009978
52.55000000010339
80.10000000010965
94.30000000011287
108.35000000011607
122.50000000011929
136.7000000001126
17.600000000099534
36.750000000099796
52.6000000001034
80.20000000010967
94.4000000001129
108.45000000011609
122.5750000001193
136.77500000011253
17.600000000099534
36.750000000099796
52.625000000103405
80.17500000010966
94.4000000001129
108.45000000011609
122.60000000011931
136.77500000011253
17.600000000099534
36.750000000099796
52.6000000001034
80.20000000010967
94.4000000001129
108.45000000011609
122.60000000011931
136.8000000001125
17.600000000099534
36.750000000099796
52.6000000001034
80.22500000010967
94.4000000001129
108.45000000011609
122.60000000011931
136.77500000011253
17.575000000099536
36.67500000009978
52.55000000010339
80.17500000010966
94.35000000011289
108.40000000011608
122.5500000001193
136.72500000011257
17.600000000099534
36.700000000099784
52.6000000001034
80.25000000010968
94.37500000011289
108.42500000011609
122.5750000001193
136.77500000011253
17.600000000099534
36.700000000099784
52.6000000001034
80.22500000010967
94.4000000001129
108.42500000011609
122.5750000001193
136.77500000011253
17.575000000099536
36.67500000009978
52.55000000010339
80.12500000010965
94.35000000011289
108.40000000011608
122.5500000001193
136.72500000011257
17.550000000099537
36.65000000009977
52.52500000010338
80.10000000010965
94.32500000011288
108.37500000011607
122.50000000011929
136.67500000011262
17.550000000099537
36.700000000099784
52.575000000103394
80.15000000010966
94.37500000011289
108.42500000011609
122.5750000001193
136.75000000011255
17.52500000009954
36.62500000009977
52.52500000010338
80.17500000010966
94.32500000011288
108.37500000011607
122.52500000011929
136.72500000011257
17.550000000099537
36.65000000009977
52.52500000010338
80.15000000010966
94.32500000011288
108.40000000011608
122.52500000011929
136.72500000011257
17.625000000099533
36.700000000099784
52.6000000001034
80.25000000010968
94.4000000001129
108.42500000011609
122.60000000011931
136.77500000011253
17.600000000099534
36.700000000099784
52.575000000103394
80.20000000010967
94.37500000011289
108.40000000011608
122.5500000001193
136.75000000011255
17.575000000099536
36.67500000009978
52.55000000010339
80.20000000010967
94.35000000011289
108.40000000011608
122.5500000001193
136.72500000011257
17.575000000099536
36.65000000009977
52.55000000010339
80.17500000010966
94.32500000011288
108.37500000011607
122.5500000001193
136.75000000011255
17.600000000099534
36.700000000099784
52.575000000103394
80.20000000010967
94.37500000011289
108.42500000011609
122.5750000001193
136.77500000011253
17.575000000099536
36.67500000009978
52.55000000010339
80.22500000010967
94.35000000011289
108.40000000011608
122.5500000001193
136.75000000011255
17.575000000099536
36.700000000099784
52.575000000103394
80.25000000010968
94.4000000001129
108.45000000011609
122.60000000011931
136.77500000011253
17.575000000099536
36.67500000009978
52.55000000010339
80.15000000010966
94.35000000011289
108.40000000011608
122.5500000001193
136.72500000011257
17.600000000099534
36.65000000009977
52.52500000010338
80.12500000010965
94.32500000011288
108.37500000011607
122.50000000011929
136.7000000001126
17.550000000099537
36.62500000009977
52.50000000010338
80.07500000010964
94.27500000011287
108.32500000011606
122.45000000011927
136.65000000011264
17.550000000099537
36.65000000009977
52.52500000010338
80.10000000010965
94.30000000011287
108.35000000011607
122.50000000011929
136.7000000001126
17.600000000099534
36.72500000009979
52.6000000001034
80.27500000010969
94.4000000001129
108.45000000011609
122.60000000011931
136.77500000011253
17.625000000099533
36.67500000009978
52.575000000103394
80.20000000010967
94.35000000011289
108.40000000011608
122.5500000001193
136.75000000011255
17.600000000099534
36.72500000009979
52.6000000001034
80.17500000010966
94.4000000001129
108.45000000011609
122.5750000001193
136.77500000011253
17.550000000099537
36.65000000009977
52.52500000010338
80.10000000010965
94.30000000011287
108.35000000011607
122.50000000011929
136.67500000011262
17.575000000099536
36.67500000009978
52.55000000010339
80.17500000010966
94.35000000011289
108.37500000011607
122.52500000011929
136.72500000011257
17.52500000009954
36.67500000009978
52.55000000010339
80.20000000010967
94.37500000011289
108.42500000011609
122.5750000001193
136.75000000011255
17.550000000099537
36.67500000009978
52.575000000103394
80.25000000010968
94.37500000011289
108.42500000011609
122.5750000001193
136.77500000011253
17.625000000099533
36.72500000009979
52.6000000001034
80.20000000010967
94.4250000001129
108.45000000011609
122.62500000011931
136.8000000001125
17.550000000099537
36.67500000009978
52.55000000010339
80.17500000010966
94.35000000011289
108.40000000011608
122.52500000011929
136.72500000011257
17.52500000009954
36.62500000009977
52.50000000010338
80.12500000010965
94.30000000011287
108.35000000011607
122.50000000011929
136.67500000011262
17.600000000099534
36.67500000009978
52.55000000010339
80.15000000010966
94.35000000011289
108.40000000011608
122.5500000001193
136.72500000011257
17.52500000009954
36.60000000009976
52.50000000010338
80.15000000010966
94.27500000011287
108.32500000011606
122.50000000011929
136.67500000011262
17.575000000099536
36.700000000099784
52.575000000103394
80.17500000010966
94.37500000011289
108.42500000011609
122.5750000001193
136.77500000011253
17.600000000099534
36.67500000009978
52.55000000010339
80.17500000010966
94.32500000011288
108.37500000011607
122.52500000011929
136.7000000001126
17.600000000099534
36.72500000009979
52.6000000001034
80.15000000010966
94.37500000011289
108.42500000011609
122.5500000001193
136.75000000011255
17.575000000099536
36.700000000099784
52.575000000103394
80.15000000010966
94.37500000011289
108.42500000011609
122.5750000001193
136.77500000011253
17.625000000099533
36.750000000099796
52.6000000001034
80.27500000010969
94.4250000001129
108.4750000001161
122.62500000011931
136.82500000011248
17.550000000099537
36.67500000009978
52.55000000010339
80.17500000010966
94.35000000011289
108.40000000011608
122.5500000001193
136.75000000011255
17.575000000099536
36.65000000009977
52.55000000010339
80.15000000010966
94.35000000011289
108.40000000011608
122.5500000001193
136.75000000011255
17.600000000099534
36.700000000099784
52.575000000103394
80.20000000010967
94.37500000011289
108.42500000011609
122.5750000001193
136.75000000011255
17.550000000099537
36.65000000009977
52.52500000010338
80.20000000010967
94.32500000011288
108.37500000011607
122.52500000011929
136.72500000011257
17.575000000099536
36.72500000009979
52.6000000001034
80.22500000010967
94.4000000001129
108.45000000011609
122.60000000011931
136.8000000001125
17.575000000099536
36.67500000009978
52.55000000010339
80.17500000010966
94.35000000011289
108.40000000011608
122.5500000001193
136.75000000011255
17.550000000099537
36.700000000099784
52.575000000103394
80.17500000010966
94.35000000011289
108.42500000011609
122.5750000001193
136.75000000011255
17.625000000099533
36.72500000009979
52.6000000001034
80.15000000010966
94.37500000011289
108.42500000011609
122.5750000001193
136.77500000011253
17.52500000009954
36.65000000009977
52.52500000010338
80.10000000010965
94.35000000011289
108.37500000011607
122.52500000011929
136.72500000011257
17.575000000099536
36.700000000099784
52.575000000103394
80.15000000010966
94.37500000011289
108.42500000011609
122.5750000001193
136.77500000011253
17.550000000099537
36.67500000009978
52.575000000103394
80.12500000010965
94.35000000011289
108.40000000011608
122.5500000001193
136.75000000011255
17.52500000009954
36.65000000009977
52.52500000010338
80.22500000010967
94.35000000011289
108.40000000011608
122.5500000001193
136.72500000011257
17.575000000099536
36.67500000009978
52.55000000010339
80.12500000010965
94.37500000011289
108.40000000011608
122.5500000001193
136.75000000011255
17.575000000099536
36.67500000009978
52.575000000103394
80.17500000010966
94.37500000011289
108.40000000011608
122.5500000001193
136.75000000011255
17.52500000009954
36.62500000009977
52.50000000010338
80.10000000010965
94.30000000011287
108.35000000011607
122.50000000011929
136.67500000011262
17.575000000099536
36.62500000009977
52.52500000010338
80.22500000010967
94.32500000011288
108.37500000011607
122.52500000011929
136.72500000011257
17.575000000099536
36.67500000009978
52.55000000010339
80.12500000010965
94.35000000011289
108.40000000011608
122.52500000011929
136.72500000011257
17.52500000009954
36.65000000009977
52.55000000010339
80.17500000010966
94.35000000011289
108.42500000011609
122.5750000001193
136.75000000011255
17.575000000099536
36.67500000009978
52.55000000010339
80.22500000010967
94.32500000011288
108.40000000011608
122.5500000001193
136.72500000011257
17.625000000099533
36.750000000099796
52.6000000001034
80.20000000010967
94.4000000001129
108.45000000011609
122.60000000011931
136.8000000001125
17.67500000009953
36.750000000099796
52.625000000103405
80.20000000010967
94.4000000001129
108.45000000011609
122.60000000011931
136.77500000011253
17.625000000099533
36.750000000099796
52.625000000103405
80.15000000010966
94.4000000001129
108.45000000011609
122.5750000001193
136.77500000011253
17.52500000009954
36.62500000009977
52.52500000010338
80.10000000010965
94.32500000011288
108.37500000011607
122.50000000011929
136.7000000001126
17.65000000009953
36.750000000099796
52.625000000103405
80.25000000010968
94.4250000001129
108.45000000011609
122.60000000011931
136.8000000001125
17.52500000009954
36.62500000009977
52.50000000010338
80.12500000010965
94.27500000011287
108.32500000011606
122.47500000011928
136.67500000011262
17.52500000009954
36.65000000009977
52.52500000010338
80.05000000010963
94.32500000011288
108.37500000011607
122.52500000011929
136.7000000001126
17.625000000099533
36.700000000099784
52.575000000103394
80.27500000010969
94.37500000011289
108.45000000011609
122.60000000011931
136.8000000001125
17.550000000099537
36.65000000009977
52.52500000010338
80.10000000010965
94.30000000011287
108.35000000011607
122.50000000011929
136.67500000011262
