17.47500000009954
36.000000000099625
59.77500000010503
73.82500000010822
111.85000000011686
133.57500000011544
148.70000000010168
17.375000000099547
35.9000000000996
59.60000000010499
73.7500000001082
111.80000000011685
133.55000000011546
148.60000000010177
17.400000000099546
36.000000000099625
59.67500000010501
73.7250000001082
111.80000000011685
133.5000000001155
148.60000000010177
17.400000000099546
35.85000000009959
59.650000000105
73.7500000001082
111.82500000011686
125.50000000011997
133.5000000001155
148.62500000010175
17.275000000099553
35.85000000009959
59.650000000105
73.7250000001082
100.10000000011419
111.77500000011685
125.25000000011991
133.47500000011553
148.55000000010182
17.52500000009954
35.85000000009959
59.625000000105
73.77500000010821
111.82500000011686
133.60000000011541
148.6750000001017
17.375000000099547
36.000000000099625
59.67500000010501
73.7500000001082
111.77500000011685
133.47500000011553
148.62500000010175
17.30000000009955
35.85000000009959
59.650000000105
73.7250000001082
111.80000000011685
125.27500000011992
133.55000000011546
148.5750000001018
17.425000000099544
35.8750000000996
59.72500000010502
73.82500000010822
112.05000000011691
133.55000000011546
148.6750000001017
17.425000000099544
35.825000000099585
59.700000000105014
73.77500000010821
111.82500000011686
133.42500000011557
148.62500000010175
17.375000000099547
35.825000000099585
59.700000000105014
73.7500000001082
111.80000000011685
133.5000000001155
148.62500000010175
17.275000000099553
36.000000000099625
59.67500000010501
73.77500000010821
111.82500000011686
133.80000000011523
148.6750000001017
17.425000000099544
35.97500000009962
59.67500000010501
73.77500000010821
99.97500000011416
111.82500000011686
133.60000000011541
148.6750000001017
17.400000000099546
35.8750000000996
59.650000000105
73.7250000001082
111.82500000011686
125.10000000011988
133.45000000011555
148.60000000010177
17.450000000099543
35.950000000099614
59.700000000105014
73.77500000010821
112.05000000011691
133.5000000001155
148.65000000010173
17.35000000009955
35.950000000099614
59.72500000010502
73.77500000010821
111.90000000011688
133.57500000011544
148.65000000010173
17.400000000099546
35.8750000000996
59.700000000105014
73.77500000010821
111.87500000011687
133.65000000011537
148.62500000010175
17.400000000099546
35.9000000000996
59.60000000010499
73.7500000001082
111.77500000011685
125.2000000001199
133.45000000011555
148.65000000010173
17.47500000009954
35.92500000009961
59.77500000010503
73.80000000010821
111.87500000011687
133.45000000011555
148.6750000001017
17.425000000099544
35.9000000000996
59.72500000010502
73.82500000010822
111.90000000011688
133.5000000001155
148.6750000001017
17.35000000009955
35.80000000009958
59.67500000010501
73.7250000001082
111.77500000011685
125.37500000011994
133.52500000011548
148.5750000001018
17.32500000009955
35.8750000000996
59.650000000105
73.7250000001082
99.97500000011416
111.77500000011685
133.37500000011562
148.65000000010173
17.375000000099547
35.950000000099614
59.650000000105
73.7250000001082
100.1250000001142
111.77500000011685
125.35000000011993
133.7250000001153
148.62500000010175
17.375000000099547
35.75000000009957
59.700000000105014
73.77500000010821
111.85000000011686
133.42500000011557
148.62500000010175
17.450000000099543
35.8750000000996
59.700000000105014
73.77500000010821
111.82500000011686
133.60000000011541
148.6750000001017
17.47500000009954
35.97500000009962
59.650000000105
73.77500000010821
100.17500000011421
111.77500000011685
133.55000000011546
148.62500000010175
17.425000000099544
35.92500000009961
59.72500000010502
73.80000000010821
111.90000000011688
133.52500000011548
148.65000000010173
17.47500000009954
35.9000000000996
59.700000000105014
73.77500000010821
111.82500000011686
133.60000000011541
148.70000000010168
17.32500000009955
36.07500000009964
59.750000000105025
73.80000000010821
111.90000000011688
133.52500000011548
148.70000000010168
17.400000000099546
35.9000000000996
59.700000000105014
73.77500000010821
100.22500000011422
111.80000000011685
133.45000000011555
148.6750000001017
17.400000000099546
35.8750000000996
59.650000000105
73.7500000001082
111.85000000011686
133.57500000011544
148.6750000001017
17.35000000009955
35.9000000000996
59.625000000105
73.70000000010819
111.75000000011684
133.35000000011564
148.5750000001018
17.375000000099547
35.92500000009961
59.650000000105
73.7500000001082
99.95000000011416
111.77500000011685
125.1750000001199
133.52500000011548
148.62500000010175
17.400000000099546
35.8750000000996
59.700000000105014
73.80000000010821
111.85000000011686
133.55000000011546
148.65000000010173
17.425000000099544
36.05000000009964
59.700000000105014
73.77500000010821
111.87500000011687
133.57500000011544
148.65000000010173
17.375000000099547
35.825000000099585
59.700000000105014
73.82500000010822
111.97500000011689
125.1750000001199
133.52500000011548
148.6750000001017
17.450000000099543
35.92500000009961
59.72500000010502
73.7500000001082
111.97500000011689
133.55000000011546
148.65000000010173
17.35000000009955
35.9000000000996
59.72500000010502
73.80000000010821
100.17500000011421
111.87500000011687
133.67500000011535
148.65000000010173
17.425000000099544
35.97500000009962
59.700000000105014
73.77500000010821
111.80000000011685
133.67500000011535
148.65000000010173
17.450000000099543
36.000000000099625
59.750000000105025
73.77500000010821
100.10000000011419
111.82500000011686
125.47500000011996
133.6250000001154
148.6750000001017
17.450000000099543
35.950000000099614
59.750000000105025
73.80000000010821
111.85000000011686
133.60000000011541
148.6750000001017
17.225000000099556
35.80000000009958
59.55000000010498
73.67500000010818
99.92500000011415
111.72500000011684
133.7250000001153
148.55000000010182
17.375000000099547
36.10000000009965
59.67500000010501
73.77500000010821
111.87500000011687
133.57500000011544
148.65000000010173
17.375000000099547
35.97500000009962
59.625000000105
73.70000000010819
111.75000000011684
133.6250000001154
148.60000000010177
17.400000000099546
35.8750000000996
59.700000000105014
73.7500000001082
111.92500000011688
133.55000000011546
148.62500000010175
17.400000000099546
36.000000000099625
59.700000000105014
73.7500000001082
100.07500000011419
111.80000000011685
133.45000000011555
148.65000000010173
17.50000000009954
35.950000000099614
59.72500000010502
73.80000000010821
111.82500000011686
125.25000000011991
133.57500000011544
148.6750000001017
17.400000000099546
36.02500000009963
59.650000000105
73.77500000010821
111.85000000011686
133.55000000011546
148.6750000001017
17.47500000009954
35.8750000000996
59.650000000105
73.77500000010821
111.80000000011685
125.10000000011988
133.55000000011546
148.70000000010168
17.450000000099543
35.85000000009959
59.67500000010501
73.77500000010821
111.82500000011686
133.70000000011532
148.65000000010173
17.450000000099543
35.8750000000996
59.67500000010501
73.77500000010821
100.05000000011418
111.80000000011685
133.42500000011557
148.6750000001017
17.425000000099544
35.775000000099574
59.700000000105014
73.7250000001082
111.75000000011684
125.00000000011985
133.57500000011544
148.60000000010177
17.400000000099546
35.9000000000996
59.700000000105014
73.80000000010821
111.82500000011686
133.57500000011544
148.65000000010173
17.425000000099544
35.825000000099585
59.67500000010501
73.7500000001082
111.80000000011685
125.50000000011997
133.52500000011548
148.62500000010175
17.35000000009955
35.8750000000996
59.60000000010499
73.67500000010818
99.90000000011415
111.72500000011684
125.40000000011995
133.42500000011557
148.55000000010182
17.50000000009954
35.825000000099585
59.625000000105
73.80000000010821
111.80000000011685
125.05000000011987
133.57500000011544
148.70000000010168
17.35000000009955
35.8750000000996
59.72500000010502
73.80000000010821
111.82500000011686
125.52500000011997
133.45000000011555
148.65000000010173
17.35000000009955
35.97500000009962
59.67500000010501
73.80000000010821
111.82500000011686
133.55000000011546
148.6750000001017
17.400000000099546
35.92500000009961
59.650000000105
73.77500000010821
111.87500000011687
133.57500000011544
148.65000000010173
17.47500000009954
36.05000000009964
59.77500000010503
73.87500000010823
133.52500000011548
148.70000000010168
17.375000000099547
35.97500000009962
59.700000000105014
73.7500000001082
111.82500000011686
133.45000000011555
148.62500000010175
17.400000000099546
35.950000000099614
59.650000000105
73.77500000010821
111.82500000011686
125.42500000011995
133.6250000001154
148.6750000001017
17.375000000099547
35.8750000000996
59.60000000010499
73.70000000010819
111.75000000011684
133.52500000011548
148.60000000010177
17.32500000009955
36.02500000009963
59.650000000105
73.77500000010821
111.80000000011685
133.52500000011548
148.65000000010173
17.35000000009955
35.92500000009961
59.650000000105
73.7250000001082
100.22500000011422
111.80000000011685
133.60000000011541
148.60000000010177
17.425000000099544
36.125000000099654
59.650000000105
73.7500000001082
100.20000000011422
111.82500000011686
133.70000000011532
148.60000000010177
17.35000000009955
35.9000000000996
59.72500000010502
73.80000000010821
111.82500000011686
133.57500000011544
148.6750000001017
17.50000000009954
35.950000000099614
59.77500000010503
73.82500000010822
111.92500000011688
133.55000000011546
148.70000000010168
17.50000000009954
35.97500000009962
59.700000000105014
73.80000000010821
111.92500000011688
133.5000000001155
148.6750000001017
17.425000000099544
35.9000000000996
59.625000000105
73.77500000010821
111.87500000011687
125.07500000011987
133.52500000011548
148.65000000010173
17.400000000099546
35.92500000009961
59.67500000010501
73.7500000001082
111.87500000011687
133.4000000001156
148.60000000010177
17.375000000099547
36.000000000099625
59.700000000105014
73.7250000001082
100.17500000011421
111.80000000011685
133.65000000011537
148.62500000010175
17.450000000099543
35.9000000000996
59.700000000105014
73.77500000010821
111.85000000011686
133.55000000011546
148.65000000010173
17.375000000099547
35.92500000009961
59.575000000104986
73.7500000001082
100.20000000011422
111.77500000011685
133.55000000011546
148.65000000010173
17.425000000099544
35.9000000000996
59.650000000105
73.7500000001082
111.75000000011684
133.47500000011553
148.62500000010175
17.400000000099546
35.9000000000996
59.700000000105014
73.77500000010821
100.02500000011418
111.80000000011685
133.57500000011544
148.6750000001017
17.400000000099546
35.85000000009959
59.650000000105
73.80000000010821
111.85000000011686
125.35000000011993
133.52500000011548
148.70000000010168
17.450000000099543
35.97500000009962
59.67500000010501
73.80000000010821
100.32500000011424
111.87500000011687
133.52500000011548
148.65000000010173
17.32500000009955
35.92500000009961
59.700000000105014
73.7500000001082
111.87500000011687
133.5000000001155
148.60000000010177
17.47500000009954
35.9000000000996
59.72500000010502
73.80000000010821
111.90000000011688
133.60000000011541
148.6750000001017
17.450000000099543
35.92500000009961
59.650000000105
73.77500000010821
111.80000000011685
133.52500000011548
148.62500000010175
17.32500000009955
35.85000000009959
59.650000000105
73.80000000010821
111.92500000011688
133.60000000011541
148.62500000010175
17.50000000009954
35.9000000000996
59.60000000010499
73.77500000010821
111.95000000011689
133.55000000011546
148.70000000010168
17.32500000009955
35.9000000000996
59.750000000105025
73.80000000010821
111.92500000011688
133.57500000011544
148.62500000010175
17.35000000009955
35.85000000009959
59.67500000010501
73.77500000010821
111.87500000011687
133.55000000011546
148.65000000010173
17.450000000099543
36.000000000099625
59.700000000105014
73.77500000010821
111.82500000011686
133.67500000011535
148.65000000010173
17.400000000099546
35.85000000009959
59.72500000010502
73.77500000010821
111.97500000011689
133.52500000011548
148.60000000010177
17.450000000099543
35.8750000000996
59.750000000105025
73.82500000010822
133.5000000001155
148.6750000001017
17.450000000099543
35.92500000009961
59.67500000010501
73.77500000010821
111.82500000011686
133.42500000011557
148.65000000010173
17.375000000099547
35.950000000099614
59.67500000010501
73.77500000010821
111.87500000011687
133.5000000001155
148.62500000010175
17.375000000099547
35.950000000099614
59.700000000105014
73.7500000001082
111.82500000011686
133.57500000011544
148.60000000010177
17.400000000099546
35.85000000009959
59.72500000010502
73.7500000001082
111.85000000011686
133.42500000011557
148.62500000010175
17.400000000099546
35.92500000009961
59.67500000010501
73.7500000001082
111.85000000011686
133.70000000011532
148.62500000010175
17.375000000099547
35.950000000099614
59.60000000010499
73.7250000001082
111.77500000011685
133.47500000011553
148.60000000010177
17.35000000009955
35.85000000009959
59.700000000105014
73.7500000001082
111.77500000011685
125.50000000011997
133.5000000001155
148.65000000010173
17.47500000009954
36.000000000099625
59.700000000105014
73.77500000010821
111.90000000011688
133.5000000001155
148.65000000010173
17.35000000009955
36.05000000009964
59.650000000105
73.7500000001082
100.00000000011417
111.82500000011686
133.45000000011555
148.60000000010177
17.400000000099546
35.85000000009959
59.650000000105
73.80000000010821
111.95000000011689
133.57500000011544
148.65000000010173
17.400000000099546
35.775000000099574
59.72500000010502
73.77500000010821
100.1250000001142
111.80000000011685
133.45000000011555
148.6750000001017
17.32500000009955
35.950000000099614
59.72500000010502
73.77500000010821
111.92500000011688
133.55000000011546
148.62500000010175
17.52500000009954
35.80000000009958
59.80000000010504
73.85000000010822
111.92500000011688
133.45000000011555
148.70000000010168
17.400000000099546
35.825000000099585
59.625000000105
73.7500000001082
111.80000000011685
133.47500000011553
148.60000000010177
17.400000000099546
36.125000000099654
59.72500000010502
73.80000000010821
111.95000000011689
133.75000000011528
148.65000000010173
17.400000000099546
35.85000000009959
59.67500000010501
73.7250000001082
100.07500000011419
111.77500000011685
133.5000000001155
148.60000000010177
17.400000000099546
35.8750000000996
59.72500000010502
73.77500000010821
111.85000000011686
133.5000000001155
148.60000000010177
17.400000000099546
35.92500000009961
59.67500000010501
73.87500000010823
112.0000000001169
133.57500000011544
148.6750000001017
17.375000000099547
35.97500000009962
59.67500000010501
73.77500000010821
111.85000000011686
133.55000000011546
148.65000000010173
17.275000000099553
35.85000000009959
59.650000000105
73.70000000010819
100.02500000011418
111.77500000011685
133.60000000011541
148.5750000001018
17.32500000009955
36.10000000009965
59.72500000010502
73.7500000001082
111.85000000011686
133.57500000011544
148.62500000010175
17.375000000099547
35.75000000009957
59.650000000105
73.7250000001082
99.97500000011416
111.75000000011684
133.45000000011555
148.60000000010177
17.400000000099546
35.9000000000996
59.700000000105014
73.77500000010821
111.82500000011686
133.45000000011555
148.6750000001017
17.375000000099547
35.97500000009962
59.625000000105
73.7250000001082
111.80000000011685
125.50000000011997
133.42500000011557
148.60000000010177
17.400000000099546
35.9000000000996
59.650000000105
73.7250000001082
100.07500000011419
111.80000000011685
125.27500000011992
133.65000000011537
148.5750000001018
17.375000000099547
35.85000000009959
59.60000000010499
73.70000000010819
100.25000000011423
111.77500000011685
133.65000000011537
148.5750000001018
17.47500000009954
35.92500000009961
59.77500000010503
73.85000000010822
111.90000000011688
133.4000000001156
148.70000000010168
17.375000000099547
36.05000000009964
59.72500000010502
73.77500000010821
100.07500000011419
111.85000000011686
133.6250000001154
148.65000000010173
17.32500000009955
35.825000000099585
59.650000000105
73.7250000001082
111.82500000011686
133.5000000001155
148.60000000010177
17.375000000099547
35.97500000009962
59.650000000105
73.7250000001082
111.77500000011685
125.37500000011994
133.57500000011544
148.60000000010177
17.50000000009954
35.825000000099585
59.77500000010503
73.82500000010822
111.90000000011688
133.47500000011553
148.70000000010168
17.47500000009954
35.92500000009961
59.650000000105
73.7250000001082
100.1250000001142
111.80000000011685
133.5000000001155
148.60000000010177
17.425000000099544
35.97500000009962
59.750000000105025
73.77500000010821
111.92500000011688
133.37500000011562
148.65000000010173
17.35000000009955
35.97500000009962
59.750000000105025
73.77500000010821
111.80000000011685
133.5000000001155
148.65000000010173
17.375000000099547
35.97500000009962
59.67500000010501
73.7500000001082
111.85000000011686
133.47500000011553
148.62500000010175
17.375000000099547
35.85000000009959
59.67500000010501
73.77500000010821
111.85000000011686
133.45000000011555
148.65000000010173
17.450000000099543
35.92500000009961
59.82500000010504
73.87500000010823
112.15000000011693
133.52500000011548
148.72500000010166
17.30000000009955
35.9000000000996
59.60000000010499
73.7250000001082
99.92500000011415
111.75000000011684
125.50000000011997
133.52500000011548
148.62500000010175
17.35000000009955
35.8750000000996
59.625000000105
73.7250000001082
99.97500000011416
111.75000000011684
133.57500000011544
148.65000000010173
17.47500000009954
35.97500000009962
59.700000000105014
73.77500000010821
100.1250000001142
111.85000000011686
133.47500000011553
148.6750000001017
17.35000000009955
35.825000000099585
59.700000000105014
73.7500000001082
111.85000000011686
133.57500000011544
148.60000000010177
17.425000000099544
35.825000000099585
59.650000000105
73.7500000001082
111.77500000011685
125.30000000011992
133.57500000011544
148.65000000010173
17.425000000099544
35.8750000000996
59.72500000010502
73.82500000010822
111.85000000011686
133.45000000011555
148.6750000001017
17.400000000099546
35.85000000009959
59.575000000104986
73.7250000001082
111.77500000011685
125.12500000011988
133.42500000011557
148.60000000010177
17.375000000099547
36.02500000009963
59.650000000105
73.7500000001082
111.85000000011686
133.57500000011544
148.62500000010175
17.375000000099547
35.97500000009962
59.700000000105014
73.80000000010821
111.85000000011686
133.6250000001154
148.65000000010173
17.450000000099543
35.8750000000996
59.650000000105
73.7500000001082
111.80000000011685
133.52500000011548
148.62500000010175
17.47500000009954
35.92500000009961
59.700000000105014
73.77500000010821
100.1250000001142
111.82500000011686
133.52500000011548
148.65000000010173
17.30000000009955
35.85000000009959
59.60000000010499
73.67500000010818
99.97500000011416
111.72500000011684
125.12500000011988
133.45000000011555
148.55000000010182
17.450000000099543
36.15000000009966
59.750000000105025
73.82500000010822
111.87500000011687
133.6250000001154
148.70000000010168
17.425000000099544
35.85000000009959
59.625000000105
73.7500000001082
100.05000000011418
111.77500000011685
133.52500000011548
148.62500000010175
17.275000000099553
35.950000000099614
59.700000000105014
73.77500000010821
100.00000000011417
111.80000000011685
125.47500000011996
133.5000000001155
148.65000000010173
17.450000000099543
35.8750000000996
59.700000000105014
73.7500000001082
100.25000000011423
111.80000000011685
133.60000000011541
148.65000000010173
17.425000000099544
35.950000000099614
59.650000000105
73.7500000001082
111.82500000011686
133.67500000011535
148.65000000010173
17.47500000009954
35.950000000099614
59.67500000010501
73.80000000010821
111.82500000011686
125.27500000011992
133.57500000011544
148.6750000001017
17.400000000099546
35.950000000099614
59.625000000105
73.7250000001082
100.1250000001142
111.80000000011685
133.70000000011532
148.62500000010175
17.35000000009955
35.97500000009962
59.575000000104986
73.70000000010819
100.02500000011418
111.75000000011684
133.60000000011541
148.60000000010177
17.450000000099543
35.97500000009962
59.67500000010501
73.7500000001082
111.80000000011685
133.57500000011544
148.65000000010173
17.32500000009955
35.97500000009962
59.67500000010501
73.77500000010821
111.82500000011686
133.65000000011537
148.65000000010173
17.400000000099546
36.02500000009963
59.650000000105
73.7500000001082
111.77500000011685
133.47500000011553
148.62500000010175
17.450000000099543
35.9000000000996
59.82500000010504
73.85000000010822
133.52500000011548
148.70000000010168
17.47500000009954
35.9000000000996
59.700000000105014
73.80000000010821
100.1500000001142
111.85000000011686
133.55000000011546
148.70000000010168
17.50000000009954
35.85000000009959
59.750000000105025
73.80000000010821
133.47500000011553
148.65000000010173
17.47500000009954
36.02500000009963
59.77500000010503
73.82500000010822
112.0000000001169
133.57500000011544
148.70000000010168
17.35000000009955
35.97500000009962
59.700000000105014
73.77500000010821
111.82500000011686
133.55000000011546
148.62500000010175
17.425000000099544
35.85000000009959
59.650000000105
73.7250000001082
100.10000000011419
111.77500000011685
125.25000000011991
133.65000000011537
148.5750000001018
17.450000000099543
35.92500000009961
59.67500000010501
73.77500000010821
111.87500000011687
133.5000000001155
148.6750000001017
17.400000000099546
35.92500000009961
59.67500000010501
73.80000000010821
111.90000000011688
133.55000000011546
148.70000000010168
17.425000000099544
35.9000000000996
59.700000000105014
73.77500000010821
111.85000000011686
133.55000000011546
148.65000000010173
17.47500000009954
35.8750000000996
59.72500000010502
73.82500000010822
111.90000000011688
133.55000000011546
148.6750000001017
17.375000000099547
36.000000000099625
59.700000000105014
73.7250000001082
100.02500000011418
111.77500000011685
133.5000000001155
148.62500000010175
17.450000000099543
36.000000000099625
59.67500000010501
73.7500000001082
111.77500000011685
133.60000000011541
148.62500000010175
17.425000000099544
35.950000000099614
59.650000000105
73.7250000001082
111.80000000011685
133.5000000001155
148.62500000010175
17.375000000099547
35.8750000000996
59.700000000105014
73.80000000010821
111.90000000011688
133.5000000001155
148.65000000010173
17.425000000099544
35.950000000099614
59.650000000105
73.77500000010821
111.85000000011686
133.5000000001155
148.65000000010173
17.450000000099543
35.9000000000996
59.650000000105
73.7500000001082
111.82500000011686
125.27500000011992
133.47500000011553
148.62500000010175
17.400000000099546
35.9000000000996
59.700000000105014
73.7500000001082
100.27500000011423
111.80000000011685
133.52500000011548
148.65000000010173
17.47500000009954
36.07500000009964
59.72500000010502
73.82500000010822
111.85000000011686
133.55000000011546
148.6750000001017
17.30000000009955
35.85000000009959
59.575000000104986
73.7250000001082
111.75000000011684
133.60000000011541
148.62500000010175
17.450000000099543
35.8750000000996
59.72500000010502
73.80000000010821
111.87500000011687
133.45000000011555
148.6750000001017
17.450000000099543
35.92500000009961
59.700000000105014
73.80000000010821
111.90000000011688
133.6250000001154
148.65000000010173
17.400000000099546
35.8750000000996
59.72500000010502
73.80000000010821
111.85000000011686
133.5000000001155
148.6750000001017
17.47500000009954
35.825000000099585
59.650000000105
73.7500000001082
111.80000000011685
125.40000000011995
133.70000000011532
148.6750000001017
17.425000000099544
36.125000000099654
59.700000000105014
73.80000000010821
111.85000000011686
133.7250000001153
148.6750000001017
17.52500000009954
35.85000000009959
59.700000000105014
73.80000000010821
111.85000000011686
133.5000000001155
148.72500000010166
17.35000000009955
36.125000000099654
59.72500000010502
73.82500000010822
100.22500000011422
111.85000000011686
133.55000000011546
148.70000000010168
17.450000000099543
35.97500000009962
59.650000000105
73.77500000010821
111.85000000011686
133.47500000011553
148.62500000010175
17.375000000099547
35.950000000099614
59.700000000105014
73.80000000010821
111.85000000011686
133.55000000011546
148.6750000001017
17.450000000099543
35.92500000009961
59.67500000010501
73.77500000010821
111.85000000011686
133.57500000011544
148.6750000001017
17.35000000009955
35.8750000000996
59.650000000105
73.70000000010819
100.10000000011419
111.75000000011684
133.60000000011541
148.60000000010177
17.400000000099546
35.8750000000996
59.700000000105014
73.80000000010821
111.87500000011687
133.55000000011546
148.65000000010173
17.450000000099543
36.125000000099654
59.700000000105014
73.77500000010821
133.7250000001153
148.65000000010173
17.400000000099546
35.9000000000996
59.650000000105
73.80000000010821
111.87500000011687
133.52500000011548
148.65000000010173
17.450000000099543
35.85000000009959
59.650000000105
73.7500000001082
111.90000000011688
133.55000000011546
148.62500000010175
17.450000000099543
35.80000000009958
59.67500000010501
73.7500000001082
111.80000000011685
125.1750000001199
133.4000000001156
148.62500000010175
17.52500000009954
35.97500000009962
59.72500000010502
73.80000000010821
111.97500000011689
133.42500000011557
148.65000000010173
17.425000000099544
36.05000000009964
59.700000000105014
73.77500000010821
111.92500000011688
133.52500000011548
148.62500000010175
17.50000000009954
35.9000000000996
59.67500000010501
73.77500000010821
111.92500000011688
125.02500000011986
133.65000000011537
148.65000000010173
17.450000000099543
36.10000000009965
59.750000000105025
73.82500000010822
111.85000000011686
125.25000000011991
133.55000000011546
148.6750000001017
17.47500000009954
35.92500000009961
59.650000000105
73.80000000010821
111.85000000011686
133.42500000011557
148.6750000001017
17.35000000009955
35.775000000099574
59.72500000010502
73.7500000001082
111.90000000011688
125.12500000011988
133.4000000001156
148.62500000010175
17.450000000099543
35.8750000000996
59.750000000105025
73.77500000010821
111.82500000011686
133.47500000011553
148.65000000010173
17.450000000099543
35.775000000099574
59.67500000010501
73.7500000001082
100.10000000011419
111.77500000011685
125.2000000001199
133.52500000011548
148.60000000010177
17.32500000009955
35.9000000000996
59.650000000105
73.7250000001082
111.82500000011686
133.7250000001153
148.65000000010173
17.425000000099544
35.85000000009959
59.72500000010502
73.77500000010821
111.80000000011685
133.52500000011548
148.65000000010173
17.47500000009954
35.950000000099614
59.650000000105
73.77500000010821
111.85000000011686
125.32500000011993
133.60000000011541
148.62500000010175
17.450000000099543
35.75000000009957
59.575000000104986
73.7250000001082
111.77500000011685
125.05000000011987
133.52500000011548
148.62500000010175
17.450000000099543
35.92500000009961
59.77500000010503
73.80000000010821
112.0000000001169
133.47500000011553
148.6750000001017
17.400000000099546
35.775000000099574
59.72500000010502
73.77500000010821
100.17500000011421
111.85000000011686
133.5000000001155
148.6750000001017
17.450000000099543
36.05000000009964
59.700000000105014
73.82500000010822
111.85000000011686
133.65000000011537
148.72500000010166
17.425000000099544
36.000000000099625
59.650000000105
73.7500000001082
100.00000000011417
111.77500000011685
133.67500000011535
148.62500000010175
17.35000000009955
35.80000000009958
59.700000000105014
73.7250000001082
111.82500000011686
125.05000000011987
133.47500000011553
148.60000000010177
17.400000000099546
35.97500000009962
59.60000000010499
73.7250000001082
111.75000000011684
133.57500000011544
148.60000000010177
17.47500000009954
35.97500000009962
59.750000000105025
73.82500000010822
111.92500000011688
133.47500000011553
148.70000000010168
17.50000000009954
35.9000000000996
59.72500000010502
73.85000000010822
111.87500000011687
133.47500000011553
148.72500000010166
17.375000000099547
35.9000000000996
59.700000000105014
73.7500000001082
111.80000000011685
133.47500000011553
148.62500000010175
17.225000000099556
35.9000000000996
59.67500000010501
73.7500000001082
99.95000000011416
111.77500000011685
133.52500000011548
148.6750000001017
17.52500000009954
35.8750000000996
59.72500000010502
73.85000000010822
133.60000000011541
148.6750000001017
17.425000000099544
35.85000000009959
59.650000000105
73.77500000010821
111.80000000011685
133.5000000001155
148.60000000010177
17.400000000099546
35.8750000000996
59.72500000010502
73.77500000010821
100.1250000001142
111.82500000011686
125.32500000011993
133.55000000011546
148.65000000010173
17.400000000099546
36.02500000009963
59.700000000105014
73.80000000010821
112.05000000011691
133.60000000011541
148.65000000010173
17.400000000099546
35.80000000009958
59.60000000010499
73.77500000010821
111.87500000011687
133.55000000011546
148.65000000010173
17.35000000009955
35.9000000000996
59.67500000010501
73.7500000001082
100.20000000011422
111.80000000011685
133.4000000001156
148.62500000010175
17.450000000099543
36.05000000009964
59.77500000010503
73.80000000010821
111.92500000011688
133.57500000011544
148.6750000001017
17.32500000009955
35.950000000099614
59.67500000010501
73.7250000001082
99.97500000011416
111.77500000011685
133.47500000011553
148.60000000010177
17.30000000009955
35.825000000099585
59.67500000010501
73.7500000001082
100.05000000011418
111.85000000011686
133.42500000011557
148.62500000010175
17.375000000099547
35.92500000009961
59.650000000105
73.77500000010821
100.07500000011419
111.80000000011685
133.5000000001155
148.6750000001017
17.47500000009954
36.000000000099625
59.72500000010502
73.80000000010821
111.85000000011686
133.42500000011557
148.65000000010173
17.32500000009955
35.950000000099614
59.700000000105014
73.7500000001082
111.82500000011686
133.7250000001153
148.62500000010175
17.47500000009954
35.92500000009961
59.67500000010501
73.80000000010821
111.85000000011686
133.52500000011548
148.6750000001017
17.47500000009954
35.950000000099614
59.80000000010504
73.82500000010822
111.92500000011688
133.52500000011548
148.70000000010168
17.30000000009955
35.950000000099614
59.750000000105025
73.77500000010821
100.1500000001142
111.82500000011686
133.60000000011541
148.65000000010173
17.47500000009954
35.97500000009962
59.650000000105
73.77500000010821
111.87500000011687
133.6250000001154
148.65000000010173
17.32500000009955
36.02500000009963
59.67500000010501
73.7250000001082
111.82500000011686
133.70000000011532
148.62500000010175
17.47500000009954
35.85000000009959
59.67500000010501
73.77500000010821
100.20000000011422
111.85000000011686
125.32500000011993
133.7250000001153
148.65000000010173
17.375000000099547
36.000000000099625
59.67500000010501
73.80000000010821
111.87500000011687
133.67500000011535
148.70000000010168
17.425000000099544
35.775000000099574
59.650000000105
73.77500000010821
111.90000000011688
133.5000000001155
148.62500000010175
17.47500000009954
35.97500000009962
59.77500000010503
73.80000000010821
111.92500000011688
133.5000000001155
148.6750000001017
17.32500000009955
35.85000000009959
59.650000000105
73.7500000001082
99.92500000011415
111.77500000011685
125.25000000011991
133.55000000011546
148.65000000010173
17.450000000099543
35.8750000000996
59.700000000105014
73.77500000010821
111.82500000011686
133.6250000001154
148.6750000001017
17.450000000099543
35.9000000000996
59.650000000105
73.77500000010821
111.92500000011688
125.2000000001199
133.65000000011537
148.62500000010175
17.400000000099546
35.75000000009957
59.700000000105014
73.7500000001082
100.1250000001142
111.82500000011686
133.55000000011546
148.65000000010173
17.400000000099546
35.9000000000996
59.72500000010502
73.77500000010821
111.82500000011686
133.47500000011553
148.65000000010173
17.400000000099546
36.02500000009963
59.650000000105
73.70000000010819
99.97500000011416
111.72500000011684
133.57500000011544
148.60000000010177
17.400000000099546
35.80000000009958
59.67500000010501
73.7500000001082
111.80000000011685
133.52500000011548
148.62500000010175
17.30000000009955
35.8750000000996
59.750000000105025
73.77500000010821
111.90000000011688
133.5000000001155
148.62500000010175
17.400000000099546
36.10000000009965
59.750000000105025
73.82500000010822
111.85000000011686
133.57500000011544
148.6750000001017
17.375000000099547
35.950000000099614
59.700000000105014
73.80000000010821
111.90000000011688
133.52500000011548
148.6750000001017
17.425000000099544
35.97500000009962
59.700000000105014
73.77500000010821
100.07500000011419
111.80000000011685
133.60000000011541
148.6750000001017
17.375000000099547
35.92500000009961
59.625000000105
73.70000000010819
100.20000000011422
111.77500000011685
133.47500000011553
148.60000000010177
17.425000000099544
35.9000000000996
59.625000000105
73.7250000001082
111.80000000011685
133.45000000011555
148.62500000010175
17.32500000009955
36.07500000009964
59.650000000105
73.70000000010819
99.97500000011416
111.75000000011684
133.57500000011544
148.62500000010175
17.450000000099543
35.80000000009958
59.625000000105
73.7500000001082
100.22500000011422
111.80000000011685
133.42500000011557
148.65000000010173
17.50000000009954
35.9000000000996
59.700000000105014
73.82500000010822
111.92500000011688
125.30000000011992
133.7250000001153
148.6750000001017
17.47500000009954
35.950000000099614
59.700000000105014
73.80000000010821
111.97500000011689
133.67500000011535
148.6750000001017
17.47500000009954
35.950000000099614
59.72500000010502
73.80000000010821
111.82500000011686
133.5000000001155
148.6750000001017
17.425000000099544
36.05000000009964
59.650000000105
73.77500000010821
100.1250000001142
111.80000000011685
133.60000000011541
148.65000000010173
17.35000000009955
35.825000000099585
59.67500000010501
73.80000000010821
111.87500000011687
133.5000000001155
148.6750000001017
17.32500000009955
36.000000000099625
59.650000000105
73.7250000001082
100.17500000011421
111.75000000011684
125.27500000011992
133.47500000011553
148.60000000010177
17.400000000099546
35.92500000009961
59.77500000010503
73.80000000010821
111.92500000011688
125.2250000001199
133.47500000011553
148.65000000010173
17.32500000009955
35.9000000000996
59.700000000105014
73.7500000001082
111.82500000011686
133.5000000001155
148.62500000010175
17.47500000009954
35.9000000000996
59.72500000010502
73.87500000010823
111.87500000011687
133.6250000001154
148.75000000010164
