16.65000000009959
35.62500000009954
51.7250000001032
66.15000000010647
79.52500000010951
93.5250000001127
107.45000000011586
121.27500000011901
135.22500000011394
149.27500000010116
16.725000000099584
35.57500000009953
51.60000000010317
65.8250000001064
79.42500000010949
93.1250000001126
107.05000000011577
120.85000000011891
134.77500000011435
148.82500000010157
16.700000000099585
35.57500000009953
51.67500000010319
66.15000000010647
79.55000000010952
93.5500000001127
107.47500000011587
121.32500000011902
135.2750000001139
149.3250000001011
16.675000000099587
35.52500000009952
51.55000000010316
65.77500000010639
79.42500000010949
93.1250000001126
107.00000000011576
120.8250000001189
134.77500000011435
148.82500000010157
16.65000000009959
35.62500000009954
51.700000000103195
66.05000000010645
79.4500000001095
93.37500000011266
107.30000000011583
121.10000000011897
135.0500000001141
149.10000000010132
16.65000000009959
35.55000000009952
51.57500000010317
65.87500000010641
79.42500000010949
93.22500000011263
107.07500000011578
120.90000000011892
134.85000000011428
148.9000000001015
16.65000000009959
35.50000000009951
51.650000000103184
66.12500000010647
79.52500000010951
93.50000000011269
107.42500000011586
121.225000000119
135.17500000011398
149.20000000010123
16.65000000009959
35.55000000009952
51.57500000010317
65.8250000001064
79.37500000010948
93.20000000011262
107.05000000011577
120.87500000011892
134.80000000011432
148.87500000010152
16.725000000099584
35.600000000099534
51.55000000010316
65.72500000010638
79.37500000010948
93.05000000011259
106.97500000011576
120.7750000001189
134.75000000011437
148.8000000001016
16.750000000099583
35.600000000099534
51.650000000103184
65.92500000010642
79.4500000001095
93.25000000011264
107.1500000001158
120.95000000011893
134.90000000011423
148.95000000010145
16.700000000099585
35.57500000009953
51.57500000010317
65.8250000001064
79.42500000010949
93.15000000011261
107.07500000011578
120.90000000011892
134.85000000011428
148.9000000001015
16.62500000009959
35.50000000009951
51.55000000010316
65.8000000001064
79.4500000001095
93.17500000011262
107.10000000011578
120.87500000011892
134.8250000001143
148.87500000010152
16.675000000099587
35.600000000099534
51.67500000010319
66.07500000010646
79.50000000010951
93.45000000011268
107.35000000011584
121.15000000011898
135.10000000011405
149.15000000010127
16.675000000099587
35.650000000099546
51.7250000001032
66.05000000010645
79.50000000010951
93.40000000011267
107.25000000011582
121.05000000011896
135.00000000011414
149.05000000010136
16.700000000099585
35.650000000099546
51.7250000001032
66.05000000010645
79.4500000001095
93.40000000011267
107.30000000011583
121.10000000011897
135.0500000001141
149.10000000010132
16.675000000099587
35.57500000009953
51.67500000010319
66.10000000010646
79.50000000010951
93.47500000011269
107.37500000011585
121.17500000011898
135.12500000011403
149.17500000010125
16.675000000099587
35.57500000009953
51.700000000103195
66.12500000010647
79.50000000010951
93.50000000011269
107.42500000011586
121.27500000011901
135.22500000011394
149.27500000010116
16.65000000009959
35.650000000099546
51.77500000010321
66.20000000010648
79.52500000010951
93.57500000011271
107.50000000011588
121.30000000011901
135.25000000011391
149.30000000010114
16.725000000099584
35.600000000099534
51.62500000010318
65.90000000010642
79.4500000001095
93.25000000011264
107.1500000001158
120.97500000011894
134.90000000011423
148.97500000010143
16.700000000099585
35.650000000099546
51.7250000001032
66.10000000010646
79.50000000010951
93.42500000011268
107.32500000011584
121.12500000011897
135.07500000011407
149.15000000010127
16.675000000099587
35.52500000009952
51.60000000010317
65.97500000010643
79.4500000001095
93.30000000011265
107.22500000011581
121.02500000011895
134.9500000001142
149.0000000001014
16.675000000099587
35.55000000009952
51.62500000010318
66.00000000010644
79.50000000010951
93.40000000011267
107.30000000011583
121.07500000011896
135.00000000011414
149.05000000010136
16.675000000099587
35.55000000009952
51.650000000103184
66.05000000010645
79.4500000001095
93.40000000011267
107.27500000011582
121.10000000011897
135.0500000001141
149.10000000010132
16.65000000009959
35.52500000009952
51.525000000103155
65.70000000010637
79.37500000010948
93.1250000001126
106.97500000011576
120.8000000001189
134.7250000001144
148.7750000001016
16.675000000099587
35.52500000009952
51.57500000010317
65.87500000010641
79.4500000001095
93.30000000011265
107.1750000001158
120.95000000011893
134.90000000011423
148.95000000010145
16.60000000009959
35.475000000099506
51.525000000103155
65.87500000010641
79.42500000010949
93.27500000011264
107.1500000001158
120.92500000011893
134.87500000011426
148.92500000010148
16.675000000099587
35.57500000009953
51.57500000010317
65.8250000001064
79.40000000010949
93.15000000011261
107.05000000011577
120.87500000011892
134.80000000011432
148.85000000010155
16.675000000099587
35.600000000099534
51.67500000010319
66.05000000010645
79.4750000001095
93.45000000011268
107.30000000011583
121.10000000011897
135.02500000011412
149.07500000010134
16.62500000009959
35.57500000009953
51.67500000010319
66.10000000010646
79.4750000001095
93.45000000011268
107.35000000011584
121.15000000011898
135.10000000011405
149.15000000010127
16.700000000099585
35.600000000099534
51.62500000010318
65.90000000010642
79.40000000010949
93.22500000011263
107.12500000011579
120.95000000011893
134.87500000011426
148.92500000010148
16.675000000099587
35.52500000009952
51.60000000010317
66.00000000010644
79.4750000001095
93.35000000011266
107.2000000001158
121.05000000011896
135.00000000011414
149.05000000010136
16.62500000009959
35.55000000009952
51.650000000103184
66.10000000010646
79.50000000010951
93.50000000011269
107.40000000011585
121.225000000119
135.17500000011398
149.2250000001012
16.675000000099587
35.600000000099534
51.67500000010319
66.05000000010645
79.4500000001095
93.42500000011268
107.30000000011583
121.10000000011897
135.02500000011412
149.07500000010134
16.725000000099584
35.650000000099546
51.57500000010317
65.8000000001064
79.42500000010949
93.15000000011261
107.02500000011577
120.85000000011891
134.80000000011432
148.85000000010155
16.700000000099585
35.600000000099534
51.67500000010319
66.02500000010644
79.50000000010951
93.35000000011266
107.25000000011582
121.07500000011896
135.02500000011412
149.07500000010134
16.725000000099584
35.600000000099534
51.67500000010319
66.00000000010644
79.50000000010951
93.40000000011267
107.27500000011582
121.07500000011896
135.02500000011412
149.07500000010134
16.675000000099587
35.57500000009953
51.57500000010317
65.77500000010639
79.40000000010949
93.15000000011261
107.00000000011576
120.8000000001189
134.75000000011437
148.8000000001016
16.750000000099583
35.62500000009954
51.700000000103195
66.05000000010645
79.50000000010951
93.37500000011266
107.30000000011583
121.07500000011896
135.00000000011414
149.05000000010136
16.675000000099587
35.600000000099534
51.67500000010319
66.02500000010644
79.50000000010951
93.32500000011265
107.27500000011582
121.07500000011896
135.0500000001141
149.10000000010132
16.725000000099584
35.600000000099534
51.650000000103184
66.02500000010644
79.4500000001095
93.37500000011266
107.25000000011582
121.05000000011896
134.97500000011416
149.0250000001014
16.700000000099585
35.57500000009953
51.67500000010319
66.10000000010646
79.52500000010951
93.45000000011268
107.35000000011584
121.17500000011898
135.10000000011405
149.15000000010127
16.700000000099585
35.600000000099534
51.67500000010319
66.05000000010645
79.4750000001095
93.37500000011266
107.30000000011583
121.10000000011897
135.02500000011412
149.07500000010134
16.65000000009959
35.55000000009952
51.62500000010318
65.97500000010643
79.4500000001095
93.32500000011265
107.22500000011581
121.00000000011894
134.9500000001142
149.0000000001014
16.700000000099585
35.57500000009953
51.650000000103184
65.97500000010643
79.4500000001095
93.32500000011265
107.2000000001158
121.05000000011896
134.97500000011416
149.05000000010136
16.65000000009959
35.475000000099506
51.57500000010317
65.87500000010641
79.42500000010949
93.25000000011264
107.1500000001158
120.95000000011893
134.90000000011423
148.95000000010145
16.700000000099585
35.600000000099534
51.700000000103195
66.10000000010646
79.4750000001095
93.40000000011267
107.35000000011584
121.15000000011898
135.10000000011405
149.15000000010127
16.700000000099585
35.62500000009954
51.7250000001032
66.17500000010648
79.50000000010951
93.57500000011271
107.52500000011588
121.35000000011902
135.30000000011387
149.3500000001011
16.675000000099587
35.52500000009952
51.650000000103184
66.10000000010646
79.55000000010952
93.50000000011269
107.45000000011586
121.27500000011901
135.22500000011394
149.27500000010116
16.675000000099587
35.57500000009953
51.62500000010318
65.87500000010641
79.42500000010949
93.30000000011265
107.1750000001158
120.95000000011893
134.87500000011426
148.9000000001015
16.675000000099587
35.55000000009952
51.650000000103184
66.05000000010645
79.52500000010951
93.37500000011266
107.22500000011581
121.02500000011895
134.97500000011416
149.0000000001014
16.675000000099587
35.475000000099506
51.525000000103155
65.77500000010639
79.4500000001095
93.17500000011262
107.05000000011577
120.85000000011891
134.77500000011435
148.82500000010157
16.725000000099584
35.600000000099534
51.7250000001032
66.12500000010647
79.4750000001095
93.50000000011269
107.40000000011585
121.225000000119
135.17500000011398
149.2250000001012
16.725000000099584
35.600000000099534
51.62500000010318
65.92500000010642
79.4750000001095
93.35000000011266
107.1750000001158
121.00000000011894
134.9500000001142
149.0000000001014
16.725000000099584
35.62500000009954
51.650000000103184
65.97500000010643
79.4500000001095
93.27500000011264
107.1750000001158
121.00000000011894
134.9500000001142
149.0250000001014
16.725000000099584
35.600000000099534
51.57500000010317
65.75000000010638
79.37500000010948
93.1000000001126
106.97500000011576
120.8000000001189
134.75000000011437
148.8000000001016
16.65000000009959
35.55000000009952
51.62500000010318
65.95000000010643
79.4750000001095
93.30000000011265
107.2000000001158
121.00000000011894
134.9250000001142
148.97500000010143
16.700000000099585
35.62500000009954
51.7250000001032
66.10000000010646
79.50000000010951
93.47500000011269
107.35000000011584
121.17500000011898
135.10000000011405
149.15000000010127
16.675000000099587
35.600000000099534
51.67500000010319
65.95000000010643
79.42500000010949
93.32500000011265
107.25000000011582
121.05000000011896
135.00000000011414
149.05000000010136
16.675000000099587
35.600000000099534
51.700000000103195
66.20000000010648
79.50000000010951
93.57500000011271
107.57500000011589
121.42500000011904
135.3750000001138
149.42500000010102
16.725000000099584
35.600000000099534
51.62500000010318
65.95000000010643
79.4750000001095
93.27500000011264
107.1750000001158
120.95000000011893
134.90000000011423
148.95000000010145
16.700000000099585
35.57500000009953
51.650000000103184
65.97500000010643
79.42500000010949
93.30000000011265
107.2000000001158
121.00000000011894
134.9500000001142
149.0000000001014
16.675000000099587
35.55000000009952
51.57500000010317
65.8250000001064
79.4500000001095
93.1250000001126
107.05000000011577
120.85000000011891
134.77500000011435
148.82500000010157
16.675000000099587
35.600000000099534
51.67500000010319
66.05000000010645
79.4750000001095
93.45000000011268
107.37500000011585
121.15000000011898
135.07500000011407
149.1250000001013
16.700000000099585
35.57500000009953
51.55000000010316
65.8000000001064
79.42500000010949
93.17500000011262
107.02500000011577
120.8250000001189
134.75000000011437
148.8000000001016
16.62500000009959
35.57500000009953
51.67500000010319
66.10000000010646
79.4750000001095
93.45000000011268
107.37500000011585
121.17500000011898
135.12500000011403
149.20000000010123
16.725000000099584
35.62500000009954
51.650000000103184
65.92500000010642
79.42500000010949
93.30000000011265
107.2000000001158
120.97500000011894
134.9250000001142
148.97500000010143
16.750000000099583
35.600000000099534
51.650000000103184
65.95000000010643
79.50000000010951
93.27500000011264
107.1750000001158
120.95000000011893
134.9250000001142
148.97500000010143
16.725000000099584
35.62500000009954
51.67500000010319
65.95000000010643
79.4750000001095
93.32500000011265
107.2000000001158
121.00000000011894
134.9500000001142
149.0000000001014
16.725000000099584
35.600000000099534
51.650000000103184
65.97500000010643
79.4500000001095
93.27500000011264
107.1500000001158
120.92500000011893
134.85000000011428
148.9000000001015
16.675000000099587
35.52500000009952
51.62500000010318
66.05000000010645
79.50000000010951
93.37500000011266
107.27500000011582
121.07500000011896
135.0500000001141
149.10000000010132
16.675000000099587
35.62500000009954
51.700000000103195
66.02500000010644
79.4500000001095
93.45000000011268
107.30000000011583
121.12500000011897
135.07500000011407
149.1250000001013
16.65000000009959
35.600000000099534
51.650000000103184
65.97500000010643
79.42500000010949
93.35000000011266
107.22500000011581
121.02500000011895
134.97500000011416
149.0250000001014
16.700000000099585
35.50000000009951
51.55000000010316
65.90000000010642
79.4500000001095
93.27500000011264
107.1750000001158
120.95000000011893
134.90000000011423
148.92500000010148
16.675000000099587
35.600000000099534
51.67500000010319
66.00000000010644
79.4500000001095
93.35000000011266
107.25000000011582
121.05000000011896
135.00000000011414
149.05000000010136
16.725000000099584
35.70000000009956
51.80000000010322
66.2750000001065
79.57500000010953
93.67500000011273
107.6250000001159
121.47500000011905
135.42500000011376
149.47500000010098
16.65000000009959
35.57500000009953
51.650000000103184
65.95000000010643
79.4750000001095
93.27500000011264
107.2000000001158
120.97500000011894
134.9250000001142
148.97500000010143
16.62500000009959
35.52500000009952
51.57500000010317
65.92500000010642
79.4750000001095
93.27500000011264
107.1750000001158
121.02500000011895
134.97500000011416
149.05000000010136
16.750000000099583
35.62500000009954
51.62500000010318
65.90000000010642
79.4500000001095
93.20000000011262
107.12500000011579
120.92500000011893
134.87500000011426
148.92500000010148
16.725000000099584
35.650000000099546
51.77500000010321
66.15000000010647
79.52500000010951
93.47500000011269
107.37500000011585
121.20000000011899
135.150000000114
149.20000000010123
16.725000000099584
35.600000000099534
51.62500000010318
65.95000000010643
79.42500000010949
93.27500000011264
107.1750000001158
120.97500000011894
134.90000000011423
148.95000000010145
16.675000000099587
35.52500000009952
51.525000000103155
65.75000000010638
79.40000000010949
93.05000000011259
106.95000000011575
120.7750000001189
134.7250000001144
148.7750000001016
16.700000000099585
35.57500000009953
51.62500000010318
65.97500000010643
79.4750000001095
93.27500000011264
107.2000000001158
121.02500000011895
134.97500000011416
149.0250000001014
16.700000000099585
35.55000000009952
51.650000000103184
66.05000000010645
79.4750000001095
93.40000000011267
107.30000000011583
121.12500000011897
135.07500000011407
149.1250000001013
16.700000000099585
35.62500000009954
51.650000000103184
66.00000000010644
79.4750000001095
93.32500000011265
107.25000000011582
121.07500000011896
135.00000000011414
149.05000000010136
16.700000000099585
35.52500000009952
51.45000000010314
65.60000000010635
79.37500000010948
92.95000000011257
106.87500000011573
120.70000000011888
134.62500000011448
148.70000000010168
16.62500000009959
35.55000000009952
51.650000000103184
66.05000000010645
79.52500000010951
93.45000000011268
107.32500000011584
121.15000000011898
135.07500000011407
149.1250000001013
16.700000000099585
35.62500000009954
51.7250000001032
66.10000000010646
79.50000000010951
93.42500000011268
107.27500000011582
121.12500000011897
135.0500000001141
149.1250000001013
16.675000000099587
35.52500000009952
51.57500000010317
65.87500000010641
79.40000000010949
93.20000000011262
107.12500000011579
120.92500000011893
134.85000000011428
148.9000000001015
16.725000000099584
35.57500000009953
51.57500000010317
65.8000000001064
79.42500000010949
93.15000000011261
107.02500000011577
120.8000000001189
134.75000000011437
148.8000000001016
16.725000000099584
35.600000000099534
51.650000000103184
65.97500000010643
79.4750000001095
93.32500000011265
107.22500000011581
121.02500000011895
134.97500000011416
149.05000000010136
16.65000000009959
35.50000000009951
51.55000000010316
65.87500000010641
79.42500000010949
93.15000000011261
107.10000000011578
120.87500000011892
134.8250000001143
148.87500000010152
16.675000000099587
35.55000000009952
51.67500000010319
66.10000000010646
79.50000000010951
93.42500000011268
107.32500000011584
121.12500000011897
135.07500000011407
149.10000000010132
16.700000000099585
35.650000000099546
51.750000000103206
66.15000000010647
79.52500000010951
93.5250000001127
107.45000000011586
121.27500000011901
135.22500000011394
149.27500000010116
16.725000000099584
35.600000000099534
51.650000000103184
65.95000000010643
79.40000000010949
93.27500000011264
107.2000000001158
121.00000000011894
134.9500000001142
149.0000000001014
16.675000000099587
35.50000000009951
51.57500000010317
65.92500000010642
79.4500000001095
93.27500000011264
107.1500000001158
120.95000000011893
134.90000000011423
148.95000000010145
16.65000000009959
35.57500000009953
51.67500000010319
66.10000000010646
79.50000000010951
93.42500000011268
107.35000000011584
121.20000000011899
135.150000000114
149.20000000010123
16.675000000099587
35.52500000009952
51.57500000010317
65.92500000010642
79.4500000001095
93.25000000011264
107.1500000001158
120.97500000011894
134.90000000011423
148.95000000010145
16.725000000099584
35.650000000099546
51.750000000103206
66.10000000010646
79.52500000010951
93.47500000011269
107.35000000011584
121.15000000011898
135.12500000011403
149.17500000010125
16.700000000099585
35.600000000099534
51.67500000010319
66.00000000010644
79.4500000001095
93.40000000011267
107.27500000011582
121.10000000011897
135.02500000011412
149.07500000010134
16.700000000099585
35.57500000009953
51.650000000103184
66.02500000010644
79.4500000001095
93.37500000011266
107.27500000011582
121.07500000011896
135.02500000011412
149.05000000010136
16.700000000099585
35.57500000009953
51.62500000010318
65.92500000010642
79.42500000010949
93.27500000011264
107.1500000001158
120.97500000011894
134.90000000011423
148.97500000010143
16.725000000099584
35.57500000009953
51.475000000103144
65.67500000010637
79.40000000010949
93.05000000011259
106.92500000011574
120.7750000001189
134.7250000001144
148.7750000001016
16.700000000099585
35.62500000009954
51.57500000010317
65.70000000010637
79.42500000010949
93.1250000001126
106.97500000011576
120.8000000001189
134.77500000011435
148.82500000010157
16.700000000099585
35.600000000099534
51.700000000103195
66.10000000010646
79.4750000001095
93.47500000011269
107.37500000011585
121.17500000011898
135.12500000011403
149.15000000010127
16.65000000009959
35.57500000009953
51.62500000010318
65.90000000010642
79.4750000001095
93.25000000011264
107.12500000011579
120.92500000011893
134.87500000011426
148.92500000010148
16.700000000099585
35.67500000009955
51.7250000001032
66.05000000010645
79.4500000001095
93.47500000011269
107.35000000011584
121.12500000011897
135.0500000001141
149.10000000010132
16.700000000099585
35.650000000099546
51.700000000103195
66.10000000010646
79.50000000010951
93.47500000011269
107.35000000011584
121.17500000011898
135.12500000011403
149.17500000010125
16.725000000099584
35.650000000099546
51.7250000001032
66.12500000010647
79.50000000010951
93.5250000001127
107.37500000011585
121.15000000011898
135.10000000011405
149.1250000001013
16.675000000099587
35.62500000009954
51.7250000001032
66.12500000010647
79.50000000010951
93.47500000011269
107.40000000011585
121.225000000119
135.150000000114
149.20000000010123
16.700000000099585
35.62500000009954
51.7250000001032
66.17500000010648
79.50000000010951
93.5500000001127
107.45000000011586
121.30000000011901
135.25000000011391
149.3250000001011
16.700000000099585
35.55000000009952
51.525000000103155
65.70000000010637
79.37500000010948
93.0750000001126
106.95000000011575
120.72500000011888
134.67500000011444
148.72500000010166
16.700000000099585
35.600000000099534
51.650000000103184
65.95000000010643
79.50000000010951
93.35000000011266
107.2000000001158
121.00000000011894
134.9250000001142
148.97500000010143
16.675000000099587
35.600000000099534
51.700000000103195
66.10000000010646
79.55000000010952
93.47500000011269
107.40000000011585
121.20000000011899
135.150000000114
149.20000000010123
16.700000000099585
35.62500000009954
51.7250000001032
66.07500000010646
79.50000000010951
93.45000000011268
107.30000000011583
121.12500000011897
135.0500000001141
149.10000000010132
16.675000000099587
35.52500000009952
51.60000000010317
65.92500000010642
79.4500000001095
93.22500000011263
107.10000000011578
120.92500000011893
134.85000000011428
148.9000000001015
16.65000000009959
35.55000000009952
51.650000000103184
66.07500000010646
79.55000000010952
93.47500000011269
107.35000000011584
121.15000000011898
135.07500000011407
149.1250000001013
16.700000000099585
35.55000000009952
51.57500000010317
65.90000000010642
79.42500000010949
93.30000000011265
107.2000000001158
120.97500000011894
134.9250000001142
148.97500000010143
16.675000000099587
35.55000000009952
51.650000000103184
66.07500000010646
79.4500000001095
93.45000000011268
107.35000000011584
121.12500000011897
135.07500000011407
149.10000000010132
16.725000000099584
35.57500000009953
51.57500000010317
65.8500000001064
79.4750000001095
93.17500000011262
107.07500000011578
120.87500000011892
134.85000000011428
148.9000000001015
16.725000000099584
35.70000000009956
51.7250000001032
66.10000000010646
79.4500000001095
93.42500000011268
107.27500000011582
121.07500000011896
135.02500000011412
149.07500000010134
16.65000000009959
35.50000000009951
51.57500000010317
65.92500000010642
79.42500000010949
93.30000000011265
107.1750000001158
121.02500000011895
134.97500000011416
149.0250000001014
16.65000000009959
35.55000000009952
51.67500000010319
66.07500000010646
79.4750000001095
93.42500000011268
107.32500000011584
121.15000000011898
135.07500000011407
149.15000000010127
16.700000000099585
35.57500000009953
51.60000000010317
65.8250000001064
79.42500000010949
93.22500000011263
107.12500000011579
120.90000000011892
134.85000000011428
148.9000000001015
16.700000000099585
35.57500000009953
51.60000000010317
65.92500000010642
79.40000000010949
93.25000000011264
107.12500000011579
120.95000000011893
134.87500000011426
148.92500000010148
16.675000000099587
35.600000000099534
51.700000000103195
66.07500000010646
79.4750000001095
93.45000000011268
107.30000000011583
121.12500000011897
135.07500000011407
149.1250000001013
16.700000000099585
35.600000000099534
51.67500000010319
66.07500000010646
79.42500000010949
93.40000000011267
107.32500000011584
121.12500000011897
135.0500000001141
149.10000000010132
16.675000000099587
35.55000000009952
51.60000000010317
65.87500000010641
79.40000000010949
93.25000000011264
107.1500000001158
120.92500000011893
134.85000000011428
148.9000000001015
16.675000000099587
35.57500000009953
51.67500000010319
66.12500000010647
79.55000000010952
93.50000000011269
107.45000000011586
121.27500000011901
135.20000000011396
149.27500000010116
16.700000000099585
35.62500000009954
51.67500000010319
66.10000000010646
79.4750000001095
93.42500000011268
107.32500000011584
121.17500000011898
135.12500000011403
149.17500000010125
16.700000000099585
35.62500000009954
51.7250000001032
66.07500000010646
79.4500000001095
93.42500000011268
107.30000000011583
121.12500000011897
135.07500000011407
149.15000000010127
16.725000000099584
35.57500000009953
51.62500000010318
65.92500000010642
79.42500000010949
93.25000000011264
107.1500000001158
120.95000000011893
134.90000000011423
148.95000000010145
16.700000000099585
35.52500000009952
51.57500000010317
65.92500000010642
79.40000000010949
93.27500000011264
107.1750000001158
120.95000000011893
134.90000000011423
148.95000000010145
16.675000000099587
35.55000000009952
51.62500000010318
65.97500000010643
79.4750000001095
93.37500000011266
107.22500000011581
121.02500000011895
134.9500000001142
149.0000000001014
16.700000000099585
35.600000000099534
51.67500000010319
66.00000000010644
79.4500000001095
93.35000000011266
107.22500000011581
121.02500000011895
134.97500000011416
149.05000000010136
16.750000000099583
35.650000000099546
51.7250000001032
66.10000000010646
79.50000000010951
93.42500000011268
107.30000000011583
121.15000000011898
135.10000000011405
149.15000000010127
16.700000000099585
35.650000000099546
51.67500000010319
65.97500000010643
79.42500000010949
93.30000000011265
107.12500000011579
120.95000000011893
134.90000000011423
148.95000000010145
16.675000000099587
35.52500000009952
51.60000000010317
65.95000000010643
79.42500000010949
93.27500000011264
107.12500000011579
120.95000000011893
134.90000000011423
148.95000000010145
16.725000000099584
35.62500000009954
51.700000000103195
66.02500000010644
79.4500000001095
93.30000000011265
107.25000000011582
121.02500000011895
134.9500000001142
149.0000000001014
16.700000000099585
35.52500000009952
51.525000000103155
65.70000000010637
79.42500000010949
93.0750000001126
106.97500000011576
120.75000000011889
134.70000000011441
148.75000000010164
16.62500000009959
35.57500000009953
51.7250000001032
66.22500000010649
79.57500000010953
93.62500000011272
107.6000000001159
121.45000000011905
135.3750000001138
149.42500000010102
16.65000000009959
35.52500000009952
51.650000000103184
66.05000000010645
79.4500000001095
93.37500000011266
107.30000000011583
121.10000000011897
135.02500000011412
149.07500000010134
16.675000000099587
35.55000000009952
51.57500000010317
65.87500000010641
79.42500000010949
93.20000000011262
107.10000000011578
120.92500000011893
134.87500000011426
148.92500000010148
16.675000000099587
35.57500000009953
51.67500000010319
66.05000000010645
79.4750000001095
93.42500000011268
107.30000000011583
121.12500000011897
135.07500000011407
149.15000000010127
16.725000000099584
35.600000000099534
51.60000000010317
65.72500000010638
79.40000000010949
93.1250000001126
107.00000000011576
120.7750000001189
134.70000000011441
148.75000000010164
16.700000000099585
35.600000000099534
51.67500000010319
65.95000000010643
79.4750000001095
93.35000000011266
107.2000000001158
121.00000000011894
134.9250000001142
148.97500000010143
16.65000000009959
35.52500000009952
51.650000000103184
66.00000000010644
79.50000000010951
93.37500000011266
107.25000000011582
121.07500000011896
135.00000000011414
149.05000000010136
16.675000000099587
35.57500000009953
51.700000000103195
66.07500000010646
79.4750000001095
93.45000000011268
107.32500000011584
121.10000000011897
135.0500000001141
149.10000000010132
16.700000000099585
35.600000000099534
51.57500000010317
65.8500000001064
79.40000000010949
93.17500000011262
107.07500000011578
120.87500000011892
134.8250000001143
148.87500000010152
16.675000000099587
35.52500000009952
51.62500000010318
66.00000000010644
79.4750000001095
93.35000000011266
107.22500000011581
121.05000000011896
135.00000000011414
149.07500000010134
16.675000000099587
35.57500000009953
51.57500000010317
65.8250000001064
79.42500000010949
93.17500000011262
107.05000000011577
120.87500000011892
134.80000000011432
148.85000000010155
16.675000000099587
35.52500000009952
51.55000000010316
65.77500000010639
79.40000000010949
93.17500000011262
107.00000000011576
120.8250000001189
134.75000000011437
148.8000000001016
16.725000000099584
35.650000000099546
51.60000000010317
65.8000000001064
79.32500000010947
93.22500000011263
107.02500000011577
120.85000000011891
134.77500000011435
148.82500000010157
16.725000000099584
35.600000000099534
51.67500000010319
66.05000000010645
79.50000000010951
93.32500000011265
107.22500000011581
121.02500000011895
134.97500000011416
149.0250000001014
16.675000000099587
35.62500000009954
51.700000000103195
66.07500000010646
79.4750000001095
93.40000000011267
107.30000000011583
121.10000000011897
135.02500000011412
149.07500000010134
16.65000000009959
35.50000000009951
51.50000000010315
65.72500000010638
79.40000000010949
93.1000000001126
107.02500000011577
120.8000000001189
134.75000000011437
148.8000000001016
16.675000000099587
35.600000000099534
51.60000000010317
65.77500000010639
79.4500000001095
93.15000000011261
107.02500000011577
120.85000000011891
134.77500000011435
148.82500000010157
16.65000000009959
35.57500000009953
51.62500000010318
65.95000000010643
79.37500000010948
93.30000000011265
107.22500000011581
121.02500000011895
134.9500000001142
149.0250000001014
16.725000000099584
35.62500000009954
51.7250000001032
66.05000000010645
79.4750000001095
93.45000000011268
107.32500000011584
121.15000000011898
135.07500000011407
149.1250000001013
16.725000000099584
35.650000000099546
51.77500000010321
66.20000000010648
79.52500000010951
93.60000000011271
107.47500000011587
121.27500000011901
135.22500000011394
149.27500000010116
16.65000000009959
35.55000000009952
51.650000000103184
66.00000000010644
79.40000000010949
93.27500000011264
107.1500000001158
121.00000000011894
134.9500000001142
149.0250000001014
16.700000000099585
35.600000000099534
51.650000000103184
65.97500000010643
79.4500000001095
93.27500000011264
107.22500000011581
121.02500000011895
134.97500000011416
149.0250000001014
16.62500000009959
35.57500000009953
51.67500000010319
66.10000000010646
79.4750000001095
93.42500000011268
107.30000000011583
121.10000000011897
135.0500000001141
149.10000000010132
16.675000000099587
35.57500000009953
51.60000000010317
65.8250000001064
79.4500000001095
93.15000000011261
107.05000000011577
120.87500000011892
134.80000000011432
148.85000000010155
16.700000000099585
35.55000000009952
51.57500000010317
65.8500000001064
79.42500000010949
93.17500000011262
107.10000000011578
120.87500000011892
134.8250000001143
148.87500000010152
16.675000000099587
35.600000000099534
51.57500000010317
65.72500000010638
79.42500000010949
93.15000000011261
107.05000000011577
120.8250000001189
134.75000000011437
148.8000000001016
16.675000000099587
35.57500000009953
51.650000000103184
66.02500000010644
79.42500000010949
93.35000000011266
107.25000000011582
121.05000000011896
135.00000000011414
149.05000000010136
16.700000000099585
35.650000000099546
51.650000000103184
65.8500000001064
79.42500000010949
93.1250000001126
107.02500000011577
120.85000000011891
134.77500000011435
148.85000000010155
16.65000000009959
35.57500000009953
51.650000000103184
66.00000000010644
79.40000000010949
93.37500000011266
107.2000000001158
121.00000000011894
134.9500000001142
149.0000000001014
16.700000000099585
35.62500000009954
51.700000000103195
66.10000000010646
79.4500000001095
93.42500000011268
107.32500000011584
121.15000000011898
135.07500000011407
149.1250000001013
16.700000000099585
35.62500000009954
51.67500000010319
66.05000000010645
79.4500000001095
93.42500000011268
107.32500000011584
121.17500000011898
135.12500000011403
149.17500000010125
16.675000000099587
35.57500000009953
51.650000000103184
66.00000000010644
79.4750000001095
93.35000000011266
107.27500000011582
121.07500000011896
135.00000000011414
149.05000000010136
16.675000000099587
35.600000000099534
51.700000000103195
66.07500000010646
79.4750000001095
93.42500000011268
107.32500000011584
121.15000000011898
135.07500000011407
149.1250000001013
16.725000000099584
35.57500000009953
51.45000000010314
65.65000000010636
79.35000000010947
93.02500000011258
106.92500000011574
120.70000000011888
134.65000000011446
148.70000000010168
16.65000000009959
35.52500000009952
51.62500000010318
66.07500000010646
79.4750000001095
93.45000000011268
107.35000000011584
121.15000000011898
135.12500000011403
149.17500000010125
16.700000000099585
35.62500000009954
51.77500000010321
66.2500000001065
79.52500000010951
93.62500000011272
107.6000000001159
121.42500000011904
135.35000000011382
149.40000000010104
16.725000000099584
35.62500000009954
51.7250000001032
66.10000000010646
79.4500000001095
93.47500000011269
107.32500000011584
121.12500000011897
135.0500000001141
149.10000000010132
16.725000000099584
35.55000000009952
51.57500000010317
65.87500000010641
79.4750000001095
93.20000000011262
107.07500000011578
120.90000000011892
134.87500000011426
148.92500000010148
16.675000000099587
35.600000000099534
51.67500000010319
66.05000000010645
79.4500000001095
93.45000000011268
107.35000000011584
121.12500000011897
135.0500000001141
149.10000000010132
16.700000000099585
35.55000000009952
51.67500000010319
66.12500000010647
79.52500000010951
93.47500000011269
107.42500000011586
121.225000000119
135.17500000011398
149.2250000001012
16.725000000099584
35.62500000009954
51.700000000103195
66.05000000010645
79.4750000001095
93.40000000011267
107.30000000011583
121.10000000011897
135.0500000001141
149.10000000010132
16.750000000099583
35.62500000009954
51.650000000103184
65.92500000010642
79.4500000001095
93.30000000011265
107.2000000001158
121.02500000011895
134.9500000001142
149.0250000001014
16.675000000099587
35.600000000099534
51.62500000010318
65.8250000001064
79.42500000010949
93.15000000011261
107.05000000011577
120.85000000011891
134.77500000011435
148.85000000010155
16.65000000009959
35.55000000009952
51.62500000010318
66.02500000010644
79.4500000001095
93.40000000011267
107.27500000011582
121.07500000011896
135.02500000011412
149.10000000010132
16.750000000099583
35.62500000009954
51.650000000103184
65.97500000010643
79.4500000001095
93.32500000011265
107.2000000001158
121.00000000011894
134.9500000001142
149.0000000001014
16.65000000009959
35.52500000009952
51.650000000103184
66.10000000010646
79.50000000010951
93.45000000011268
107.37500000011585
121.20000000011899
135.150000000114
149.20000000010123
16.725000000099584
35.57500000009953
51.7250000001032
66.17500000010648
79.4750000001095
93.5250000001127
107.40000000011585
121.20000000011899
135.150000000114
149.20000000010123
16.675000000099587
35.55000000009952
51.55000000010316
65.77500000010639
79.42500000010949
93.15000000011261
107.05000000011577
120.85000000011891
134.77500000011435
148.82500000010157
16.675000000099587
35.55000000009952
51.62500000010318
65.97500000010643
79.42500000010949
93.35000000011266
107.2000000001158
121.02500000011895
134.97500000011416
149.0250000001014
16.700000000099585
35.600000000099534
51.67500000010319
66.02500000010644
79.4500000001095
93.42500000011268
107.32500000011584
121.10000000011897
135.0500000001141
149.10000000010132
16.675000000099587
35.52500000009952
51.57500000010317
65.8500000001064
79.4500000001095
93.20000000011262
107.07500000011578
120.87500000011892
134.8250000001143
148.87500000010152
16.750000000099583
35.62500000009954
51.750000000103206
66.17500000010648
79.50000000010951
93.5500000001127
107.45000000011586
121.30000000011901
135.22500000011394
149.27500000010116
16.675000000099587
35.62500000009954
51.7250000001032
66.12500000010647
79.4750000001095
93.47500000011269
107.40000000011585
121.225000000119
135.17500000011398
149.2250000001012
16.700000000099585
35.600000000099534
51.650000000103184
65.95000000010643
79.4500000001095
93.27500000011264
107.1500000001158
120.92500000011893
134.90000000011423
148.95000000010145
16.700000000099585
35.600000000099534
51.60000000010317
65.8000000001064
79.42500000010949
93.22500000011263
107.05000000011577
120.87500000011892
134.80000000011432
148.85000000010155
16.65000000009959
35.57500000009953
51.60000000010317
65.90000000010642
79.42500000010949
93.30000000011265
107.1750000001158
120.92500000011893
134.85000000011428
148.9000000001015
16.675000000099587
35.52500000009952
51.525000000103155
65.75000000010638
79.42500000010949
93.15000000011261
107.00000000011576
120.8250000001189
134.77500000011435
148.82500000010157
16.65000000009959
35.55000000009952
51.650000000103184
66.07500000010646
79.4500000001095
93.42500000011268
107.30000000011583
121.12500000011897
135.0500000001141
149.10000000010132
16.675000000099587
35.55000000009952
51.67500000010319
66.10000000010646
79.55000000010952
93.47500000011269
107.35000000011584
121.15000000011898
135.07500000011407
149.10000000010132
16.65000000009959
35.52500000009952
51.62500000010318
66.07500000010646
79.4750000001095
93.40000000011267
107.37500000011585
121.17500000011898
135.12500000011403
149.17500000010125
16.675000000099587
35.52500000009952
51.650000000103184
66.05000000010645
79.50000000010951
93.42500000011268
107.35000000011584
121.15000000011898
135.10000000011405
149.15000000010127
16.700000000099585
35.55000000009952
51.55000000010316
65.75000000010638
79.37500000010948
93.1250000001126
107.02500000011577
120.8000000001189
134.75000000011437
148.8000000001016
16.675000000099587
35.600000000099534
51.650000000103184
66.00000000010644
79.4500000001095
93.37500000011266
107.2000000001158
121.05000000011896
135.00000000011414
149.07500000010134
16.725000000099584
35.67500000009955
51.7250000001032
66.05000000010645
79.4500000001095
93.35000000011266
107.25000000011582
121.05000000011896
135.00000000011414
149.05000000010136
16.675000000099587
35.62500000009954
51.750000000103206
66.20000000010648
79.52500000010951
93.57500000011271
107.52500000011588
121.35000000011902
135.30000000011387
149.3500000001011
16.750000000099583
35.67500000009955
51.7250000001032
66.05000000010645
79.50000000010951
93.35000000011266
107.22500000011581
121.07500000011896
135.02500000011412
149.07500000010134
16.700000000099585
35.57500000009953
51.62500000010318
66.00000000010644
79.4750000001095
93.37500000011266
107.22500000011581
121.02500000011895
134.97500000011416
149.0250000001014
16.700000000099585
35.600000000099534
51.700000000103195
66.10000000010646
79.50000000010951
93.45000000011268
107.32500000011584
121.15000000011898
135.10000000011405
149.15000000010127
16.725000000099584
35.650000000099546
51.7250000001032
66.12500000010647
79.52500000010951
93.50000000011269
107.42500000011586
121.250000000119
135.20000000011396
149.25000000010118
16.675000000099587
35.62500000009954
51.77500000010321
66.20000000010648
79.4750000001095
93.5500000001127
107.50000000011588
121.27500000011901
135.20000000011396
149.25000000010118
16.675000000099587
35.52500000009952
51.60000000010317
65.87500000010641
79.4500000001095
93.22500000011263
107.10000000011578
120.90000000011892
134.8250000001143
148.87500000010152
16.65000000009959
35.57500000009953
51.62500000010318
65.97500000010643
79.42500000010949
93.37500000011266
107.25000000011582
121.07500000011896
135.02500000011412
149.07500000010134
16.700000000099585
35.57500000009953
51.67500000010319
66.00000000010644
79.4500000001095
93.37500000011266
107.27500000011582
121.05000000011896
135.00000000011414
149.05000000010136
16.725000000099584
35.62500000009954
51.67500000010319
66.02500000010644
79.4500000001095
93.40000000011267
107.30000000011583
121.10000000011897
135.0500000001141
149.10000000010132
16.62500000009959
35.600000000099534
51.67500000010319
66.02500000010644
79.50000000010951
93.32500000011265
107.22500000011581
121.02500000011895
135.00000000011414
149.05000000010136
16.675000000099587
35.600000000099534
51.67500000010319
66.07500000010646
79.4500000001095
93.40000000011267
107.30000000011583
121.15000000011898
135.07500000011407
149.1250000001013
16.700000000099585
35.50000000009951
51.37500000010312
65.50000000010633
79.37500000010948
92.87500000011255
106.7500000001157
120.57500000011885
134.52500000011457
148.5750000001018
16.700000000099585
35.62500000009954
51.7250000001032
66.12500000010647
79.50000000010951
93.50000000011269
107.40000000011585
121.225000000119
135.17500000011398
149.2250000001012
16.675000000099587
35.600000000099534
51.650000000103184
66.00000000010644
79.4500000001095
93.32500000011265
107.22500000011581
121.05000000011896
134.97500000011416
149.0250000001014
16.675000000099587
35.57500000009953
51.55000000010316
65.75000000010638
79.4500000001095
93.1250000001126
107.00000000011576
120.8250000001189
134.77500000011435
148.82500000010157
16.65000000009959
35.57500000009953
51.62500000010318
65.90000000010642
79.4750000001095
93.20000000011262
107.1500000001158
120.95000000011893
134.87500000011426
148.95000000010145
16.700000000099585
35.57500000009953
51.67500000010319
66.02500000010644
79.50000000010951
93.42500000011268
107.27500000011582
121.07500000011896
135.02500000011412
149.07500000010134
16.62500000009959
35.57500000009953
51.650000000103184
66.02500000010644
79.4500000001095
93.40000000011267
107.30000000011583
121.10000000011897
135.0500000001141
149.10000000010132
16.65000000009959
35.50000000009951
51.60000000010317
65.87500000010641
79.4750000001095
93.27500000011264
107.1500000001158
120.97500000011894
134.90000000011423
148.97500000010143
16.700000000099585
35.600000000099534
51.67500000010319
65.95000000010643
79.4500000001095
93.30000000011265
107.1500000001158
121.00000000011894
134.9250000001142
148.97500000010143
16.725000000099584
35.67500000009955
51.750000000103206
66.17500000010648
79.50000000010951
93.5250000001127
107.47500000011587
121.30000000011901
135.22500000011394
149.30000000010114
16.700000000099585
35.62500000009954
51.7250000001032
66.07500000010646
79.50000000010951
93.50000000011269
107.37500000011585
121.15000000011898
135.10000000011405
149.1250000001013
16.700000000099585
35.600000000099534
51.67500000010319
66.00000000010644
79.4500000001095
93.35000000011266
107.25000000011582
121.07500000011896
135.00000000011414
149.05000000010136
16.700000000099585
35.55000000009952
51.57500000010317
65.87500000010641
79.4500000001095
93.25000000011264
107.10000000011578
120.92500000011893
134.87500000011426
148.9000000001015
16.725000000099584
35.57500000009953
51.700000000103195
66.07500000010646
79.52500000010951
93.45000000011268
107.27500000011582
121.10000000011897
135.0500000001141
149.10000000010132
16.700000000099585
35.600000000099534
51.62500000010318
65.87500000010641
79.4500000001095
93.25000000011264
107.1500000001158
120.92500000011893
134.87500000011426
148.92500000010148
16.725000000099584
35.70000000009956
51.7250000001032
66.10000000010646
79.42500000010949
93.45000000011268
107.32500000011584
121.12500000011897
135.07500000011407
149.1250000001013
16.65000000009959
35.55000000009952
51.57500000010317
65.8000000001064
79.40000000010949
93.15000000011261
107.02500000011577
120.85000000011891
134.80000000011432
148.85000000010155
16.62500000009959
35.600000000099534
51.67500000010319
66.07500000010646
79.4500000001095
93.40000000011267
107.32500000011584
121.12500000011897
135.0500000001141
149.1250000001013
16.675000000099587
35.57500000009953
51.650000000103184
65.97500000010643
79.40000000010949
93.32500000011265
107.25000000011582
121.07500000011896
135.00000000011414
149.05000000010136
16.700000000099585
35.55000000009952
51.57500000010317
65.8000000001064
79.4500000001095
93.1250000001126
107.07500000011578
120.87500000011892
134.8250000001143
148.87500000010152
16.725000000099584
35.600000000099534
51.62500000010318
65.87500000010641
79.42500000010949
93.27500000011264
107.1500000001158
120.92500000011893
134.85000000011428
148.9000000001015
16.725000000099584
35.650000000099546
51.7250000001032
66.12500000010647
79.4750000001095
93.47500000011269
107.42500000011586
121.250000000119
135.17500000011398
149.2250000001012
16.675000000099587
35.52500000009952
51.55000000010316
65.87500000010641
79.37500000010948
93.17500000011262
107.07500000011578
120.87500000011892
134.8250000001143
148.87500000010152
16.750000000099583
35.72500000009956
51.750000000103206
66.12500000010647
79.52500000010951
93.47500000011269
107.35000000011584
121.17500000011898
135.10000000011405
149.17500000010125
16.700000000099585
35.650000000099546
51.77500000010321
66.20000000010648
79.55000000010952
93.60000000011271
107.55000000011589
121.40000000011904
135.3750000001138
149.42500000010102
16.675000000099587
35.475000000099506
51.525000000103155
65.8000000001064
79.4750000001095
93.22500000011263
107.10000000011578
120.87500000011892
134.8250000001143
148.87500000010152
16.675000000099587
35.57500000009953
51.60000000010317
65.90000000010642
79.4500000001095
93.22500000011263
107.12500000011579
120.92500000011893
134.87500000011426
148.92500000010148
16.700000000099585
35.600000000099534
51.700000000103195
66.10000000010646
79.50000000010951
93.45000000011268
107.35000000011584
121.17500000011898
135.10000000011405
149.15000000010127
16.725000000099584
35.600000000099534
51.650000000103184
65.92500000010642
79.4750000001095
93.30000000011265
107.1750000001158
120.97500000011894
134.9250000001142
149.0000000001014
16.700000000099585
35.650000000099546
51.7250000001032
66.07500000010646
79.42500000010949
93.42500000011268
107.30000000011583
121.10000000011897
135.0500000001141
149.10000000010132
16.65000000009959
35.55000000009952
51.62500000010318
65.95000000010643
79.37500000010948
93.30000000011265
107.12500000011579
120.92500000011893
134.87500000011426
148.92500000010148
16.62500000009959
35.475000000099506
51.57500000010317
66.02500000010644
79.4750000001095
93.40000000011267
107.35000000011584
121.17500000011898
135.12500000011403
149.20000000010123
16.675000000099587
35.55000000009952
51.57500000010317
65.92500000010642
79.42500000010949
93.30000000011265
107.2000000001158
121.00000000011894
134.9250000001142
149.0000000001014
16.675000000099587
35.57500000009953
51.650000000103184
66.05000000010645
79.4750000001095
93.42500000011268
107.30000000011583
121.12500000011897
135.07500000011407
149.15000000010127
16.675000000099587
35.62500000009954
51.7250000001032
66.12500000010647
79.4750000001095
93.50000000011269
107.35000000011584
121.225000000119
135.17500000011398
149.2250000001012
