17.30000000009955
36.3250000000997
52.25000000010332
63.575000000105895
67.75000000010684
79.32500000010947
93.9500000001128
108.050000000116
122.25000000011923
136.4750000001128
17.200000000099557
36.27500000009969
52.20000000010331
63.50000000010588
67.47500000010677
79.30000000010946
93.9500000001128
108.00000000011599
122.20000000011922
136.42500000011285
17.250000000099554
36.350000000099705
52.25000000010332
63.525000000105884
67.77500000010684
79.30000000010946
93.92500000011279
108.025000000116
122.20000000011922
136.42500000011285
17.225000000099556
36.3250000000997
52.225000000103314
63.47500000010587
67.50000000010678
79.30000000010946
93.60000000011271
108.025000000116
122.20000000011922
136.42500000011285
17.275000000099553
36.3250000000997
52.25000000010332
63.55000000010589
67.72500000010683
79.35000000010947
93.9500000001128
108.025000000116
122.22500000011922
136.45000000011282
17.200000000099557
36.27500000009969
52.20000000010331
63.575000000105895
67.82500000010685
79.35000000010947
93.50000000011269
107.95000000011598
122.1250000001192
136.3750000001129
17.275000000099553
36.3250000000997
52.25000000010332
63.575000000105895
68.50000000010701
79.37500000010948
94.02500000011281
108.075000000116
122.25000000011923
136.4750000001128
17.30000000009955
36.30000000009969
52.225000000103314
63.50000000010588
67.65000000010681
79.30000000010946
93.9500000001128
108.050000000116
122.22500000011922
136.45000000011282
16.300000000099608
36.3250000000997
52.225000000103314
63.45000000010587
67.65000000010681
79.22500000010945
93.92500000011279
108.00000000011599
122.17500000011921
136.42500000011285
15.250000000099668
36.27500000009969
52.225000000103314
63.50000000010588
67.55000000010679
79.32500000010947
93.9750000001128
108.025000000116
122.20000000011922
136.42500000011285
15.275000000099666
36.350000000099705
52.25000000010332
63.50000000010588
67.65000000010681
79.32500000010947
93.82500000011277
108.050000000116
122.25000000011923
136.4750000001128
17.200000000099557
36.27500000009969
52.20000000010331
63.55000000010589
67.72500000010683
79.30000000010946
93.92500000011279
108.025000000116
122.20000000011922
136.42500000011285
17.200000000099557
36.25000000009968
52.20000000010331
63.65000000010591
67.75000000010684
79.35000000010947
93.30000000011265
108.025000000116
122.20000000011922
136.42500000011285
15.300000000099665
36.30000000009969
52.20000000010331
63.55000000010589
67.87500000010687
79.30000000010946
93.92500000011279
108.00000000011599
122.17500000011921
136.40000000011287
17.275000000099553
36.3250000000997
52.25000000010332
63.50000000010588
67.55000000010679
79.35000000010947
94.0000000001128
108.075000000116
122.25000000011923
136.50000000011278
17.250000000099554
36.27500000009969
52.20000000010331
63.50000000010588
67.6000000001068
79.30000000010946
93.90000000011278
108.025000000116
122.20000000011922
136.42500000011285
17.17500000009956
36.30000000009969
52.20000000010331
63.525000000105884
67.70000000010683
79.30000000010946
93.90000000011278
108.00000000011599
122.17500000011921
136.3750000001129
17.225000000099556
36.30000000009969
52.20000000010331
63.55000000010589
67.67500000010682
79.30000000010946
93.92500000011279
108.025000000116
122.20000000011922
136.42500000011285
17.250000000099554
36.3250000000997
52.225000000103314
63.50000000010588
67.62500000010681
79.27500000010946
93.9500000001128
108.00000000011599
122.17500000011921
136.40000000011287
17.250000000099554
36.3250000000997
52.225000000103314
63.47500000010587
67.37500000010675
79.27500000010946
93.67500000011273
107.92500000011597
122.1250000001192
136.3500000001129
17.200000000099557
36.27500000009969
52.20000000010331
63.575000000105895
67.72500000010683
79.30000000010946
93.80000000011276
107.97500000011598
122.17500000011921
136.40000000011287
17.250000000099554
36.30000000009969
52.20000000010331
63.55000000010589
67.67500000010682
79.30000000010946
93.92500000011279
108.00000000011599
122.17500000011921
136.40000000011287
17.275000000099553
36.3250000000997
52.225000000103314
63.525000000105884
68.0000000001069
79.32500000010947
93.9500000001128
108.00000000011599
122.20000000011922
136.45000000011282
17.35000000009955
36.225000000099676
52.1750000001033
63.50000000010588
67.75000000010684
79.30000000010946
93.92500000011279
107.95000000011598
122.1500000001192
136.40000000011287
17.225000000099556
36.30000000009969
52.20000000010331
63.625000000105906
67.90000000010687
79.35000000010947
93.82500000011277
107.97500000011598
122.17500000011921
136.40000000011287
17.200000000099557
36.27500000009969
52.20000000010331
63.55000000010589
67.62500000010681
79.32500000010947
93.70000000011274
108.025000000116
122.20000000011922
136.42500000011285
17.250000000099554
36.30000000009969
52.20000000010331
63.525000000105884
67.62500000010681
79.25000000010945
93.37500000011266
107.97500000011598
122.1500000001192
136.3750000001129
17.17500000009956
36.25000000009968
52.1500000001033
63.525000000105884
67.65000000010681
79.27500000010946
93.70000000011274
107.92500000011597
122.1000000001192
136.3500000001129
17.275000000099553
36.3250000000997
52.20000000010331
63.50000000010588
67.6000000001068
79.27500000010946
93.57500000011271
107.97500000011598
122.1500000001192
136.3750000001129
17.17500000009956
36.225000000099676
52.1500000001033
63.55000000010589
67.97500000010689
79.32500000010947
93.90000000011278
107.95000000011598
122.1500000001192
136.40000000011287
17.225000000099556
36.30000000009969
52.225000000103314
63.525000000105884
67.65000000010681
79.25000000010945
93.87500000011278
108.025000000116
122.17500000011921
136.40000000011287
17.250000000099554
36.3250000000997
52.225000000103314
63.6000000001059
67.82500000010685
79.32500000010947
93.87500000011278
108.025000000116
122.20000000011922
136.42500000011285
17.30000000009955
36.37500000009971
52.275000000103326
63.47500000010587
67.50000000010678
79.27500000010946
94.0000000001128
108.10000000011601
122.27500000011923
136.50000000011278
17.200000000099557
36.27500000009969
52.20000000010331
63.55000000010589
67.77500000010684
79.27500000010946
93.92500000011279
108.025000000116
122.20000000011922
136.42500000011285
17.250000000099554
36.27500000009969
52.1750000001033
63.50000000010588
67.52500000010679
79.30000000010946
93.20000000011262
107.95000000011598
122.1250000001192
136.3500000001129
17.250000000099554
36.350000000099705
52.225000000103314
63.50000000010588
67.65000000010681
79.25000000010945
93.60000000011271
107.97500000011598
122.1500000001192
136.3750000001129
17.225000000099556
36.27500000009969
52.20000000010331
63.55000000010589
67.67500000010682
79.32500000010947
93.9750000001128
108.00000000011599
122.20000000011922
136.45000000011282
17.250000000099554
36.30000000009969
52.225000000103314
63.55000000010589
67.55000000010679
79.32500000010947
93.87500000011278
108.025000000116
122.20000000011922
136.42500000011285
17.225000000099556
36.25000000009968
52.1750000001033
63.55000000010589
67.72500000010683
79.27500000010946
93.77500000011275
107.97500000011598
122.1500000001192
136.3500000001129
17.250000000099554
36.225000000099676
52.12500000010329
63.42500000010586
67.42500000010676
79.22500000010945
93.77500000011275
107.90000000011597
122.07500000011919
136.32500000011294
17.200000000099557
36.30000000009969
52.225000000103314
63.55000000010589
67.85000000010686
79.32500000010947
93.90000000011278
108.025000000116
122.20000000011922
136.42500000011285
17.250000000099554
36.30000000009969
52.20000000010331
63.55000000010589
67.62500000010681
79.30000000010946
93.9500000001128
108.025000000116
122.20000000011922
136.40000000011287
17.200000000099557
36.3250000000997
52.25000000010332
63.55000000010589
67.82500000010685
79.30000000010946
94.0000000001128
108.075000000116
122.25000000011923
136.45000000011282
17.250000000099554
36.3250000000997
52.20000000010331
63.525000000105884
67.5750000001068
79.30000000010946
93.80000000011276
107.97500000011598
122.1500000001192
136.3750000001129
17.250000000099554
36.30000000009969
52.225000000103314
63.55000000010589
67.50000000010678
79.32500000010947
94.0000000001128
108.075000000116
122.25000000011923
136.4750000001128
17.250000000099554
36.27500000009969
52.1750000001033
63.575000000105895
67.87500000010687
79.32500000010947
93.92500000011279
108.00000000011599
122.17500000011921
136.40000000011287
17.250000000099554
36.27500000009969
52.20000000010331
63.525000000105884
67.5750000001068
79.35000000010947
93.85000000011277
108.025000000116
122.20000000011922
136.42500000011285
17.250000000099554
36.3250000000997
52.25000000010332
63.6000000001059
67.72500000010683
79.35000000010947
93.9750000001128
108.075000000116
122.25000000011923
136.45000000011282
17.275000000099553
36.350000000099705
52.225000000103314
63.42500000010586
67.35000000010675
79.30000000010946
93.25000000011264
107.97500000011598
122.17500000011921
136.40000000011287
17.275000000099553
36.3250000000997
52.225000000103314
63.525000000105884
67.65000000010681
79.27500000010946
93.80000000011276
108.00000000011599
122.17500000011921
136.40000000011287
17.32500000009955
36.27500000009969
52.1750000001033
63.50000000010588
67.70000000010683
79.30000000010946
93.80000000011276
107.95000000011598
122.1500000001192
136.40000000011287
17.250000000099554
36.27500000009969
52.20000000010331
63.42500000010586
67.25000000010672
79.27500000010946
93.9750000001128
108.025000000116
122.22500000011922
136.45000000011282
17.275000000099553
36.3250000000997
52.20000000010331
63.6000000001059
67.77500000010684
79.32500000010947
93.87500000011278
108.00000000011599
122.17500000011921
136.40000000011287
17.250000000099554
36.30000000009969
52.20000000010331
63.45000000010587
67.40000000010676
79.25000000010945
93.85000000011277
107.97500000011598
122.1500000001192
136.3750000001129
15.150000000099674
36.3250000000997
52.20000000010331
63.55000000010589
67.87500000010687
79.32500000010947
93.85000000011277
108.00000000011599
122.17500000011921
136.40000000011287
17.225000000099556
36.25000000009968
52.1750000001033
63.525000000105884
67.6000000001068
79.27500000010946
93.92500000011279
107.97500000011598
122.1500000001192
136.3750000001129
15.175000000099672
36.27500000009969
52.20000000010331
63.55000000010589
67.5750000001068
79.35000000010947
93.90000000011278
108.00000000011599
122.20000000011922
136.42500000011285
17.30000000009955
36.37500000009971
52.25000000010332
63.50000000010588
67.5750000001068
79.30000000010946
93.92500000011279
108.00000000011599
122.20000000011922
136.42500000011285
17.225000000099556
36.30000000009969
52.225000000103314
63.525000000105884
67.5750000001068
79.35000000010947
93.90000000011278
108.050000000116
122.22500000011922
136.45000000011282
17.275000000099553
36.3250000000997
52.225000000103314
63.6000000001059
67.97500000010689
79.37500000010948
93.9500000001128
108.050000000116
122.25000000011923
136.4750000001128
17.250000000099554
36.25000000009968
52.1750000001033
63.50000000010588
67.6000000001068
79.30000000010946
92.95000000011257
107.97500000011598
122.1500000001192
136.3750000001129
17.225000000099556
36.27500000009969
52.20000000010331
63.525000000105884
67.82500000010685
79.32500000010947
93.85000000011277
108.00000000011599
122.20000000011922
136.42500000011285
17.30000000009955
36.30000000009969
52.225000000103314
63.575000000105895
67.67500000010682
79.32500000010947
93.9750000001128
108.050000000116
122.25000000011923
136.4750000001128
17.250000000099554
36.3250000000997
52.225000000103314
63.55000000010589
67.70000000010683
79.32500000010947
93.87500000011278
108.025000000116
122.20000000011922
136.42500000011285
17.17500000009956
36.27500000009969
52.20000000010331
63.575000000105895
67.92500000010688
79.27500000010946
93.87500000011278
107.97500000011598
122.17500000011921
136.40000000011287
17.30000000009955
36.37500000009971
52.275000000103326
63.55000000010589
67.95000000010688
79.37500000010948
94.05000000011282
108.12500000011602
122.32500000011925
136.55000000011273
17.275000000099553
36.350000000099705
52.225000000103314
63.55000000010589
67.72500000010683
79.35000000010947
93.9750000001128
108.050000000116
122.22500000011922
136.45000000011282
17.225000000099556
36.25000000009968
52.20000000010331
63.47500000010587
67.35000000010675
79.27500000010946
93.92500000011279
108.025000000116
122.20000000011922
136.42500000011285
17.200000000099557
36.27500000009969
52.20000000010331
63.50000000010588
67.47500000010677
79.30000000010946
93.90000000011278
108.00000000011599
122.17500000011921
136.40000000011287
17.275000000099553
36.27500000009969
52.1750000001033
63.575000000105895
67.82500000010685
79.32500000010947
93.90000000011278
107.97500000011598
122.17500000011921
136.40000000011287
17.275000000099553
36.25000000009968
52.1500000001033
63.525000000105884
67.75000000010684
79.32500000010947
93.85000000011277
107.95000000011598
122.1500000001192
136.3750000001129
17.17500000009956
36.225000000099676
52.1750000001033
63.45000000010587
67.35000000010675
79.30000000010946
93.60000000011271
107.95000000011598
122.1500000001192
136.3750000001129
17.250000000099554
36.30000000009969
52.225000000103314
63.525000000105884
67.47500000010677
79.25000000010945
93.90000000011278
108.025000000116
122.20000000011922
136.42500000011285
14.87500000009969
36.3250000000997
52.225000000103314
63.45000000010587
67.6000000001068
79.27500000010946
93.85000000011277
108.025000000116
122.20000000011922
136.42500000011285
17.200000000099557
36.30000000009969
52.225000000103314
63.67500000010592
68.30000000010696
79.35000000010947
94.02500000011281
108.075000000116
122.25000000011923
136.45000000011282
17.250000000099554
36.3250000000997
52.225000000103314
63.575000000105895
67.62500000010681
79.30000000010946
93.9500000001128
108.025000000116
122.20000000011922
136.40000000011287
15.40000000009966
36.3250000000997
52.225000000103314
63.525000000105884
67.67500000010682
79.32500000010947
93.25000000011264
108.025000000116
122.22500000011922
136.45000000011282
17.200000000099557
36.27500000009969
52.1750000001033
63.625000000105906
68.30000000010696
79.35000000010947
93.90000000011278
108.025000000116
122.20000000011922
136.42500000011285
15.100000000099676
36.350000000099705
52.25000000010332
63.525000000105884
67.85000000010686
79.35000000010947
93.85000000011277
108.050000000116
122.25000000011923
136.4750000001128
17.250000000099554
36.27500000009969
52.20000000010331
63.47500000010587
67.30000000010673
79.27500000010946
93.90000000011278
108.025000000116
122.20000000011922
136.42500000011285
17.250000000099554
36.30000000009969
52.20000000010331
63.50000000010588
67.52500000010679
79.32500000010947
93.87500000011278
107.97500000011598
122.20000000011922
136.42500000011285
15.250000000099668
36.350000000099705
52.225000000103314
63.47500000010587
67.62500000010681
79.32500000010947
93.85000000011277
108.00000000011599
122.17500000011921
136.40000000011287
17.200000000099557
36.27500000009969
52.1750000001033
63.55000000010589
67.55000000010679
79.27500000010946
93.9500000001128
108.00000000011599
122.17500000011921
136.3750000001129
17.250000000099554
36.350000000099705
52.225000000103314
63.55000000010589
67.75000000010684
79.30000000010946
93.92500000011279
108.00000000011599
122.17500000011921
136.40000000011287
17.275000000099553
36.350000000099705
52.25000000010332
63.50000000010588
67.72500000010683
79.30000000010946
94.0000000001128
108.025000000116
122.20000000011922
136.42500000011285
17.275000000099553
36.3250000000997
52.20000000010331
63.55000000010589
67.5750000001068
79.30000000010946
93.87500000011278
108.00000000011599
122.20000000011922
136.40000000011287
17.225000000099556
36.30000000009969
52.225000000103314
63.55000000010589
67.65000000010681
79.30000000010946
93.75000000011275
108.050000000116
122.20000000011922
136.42500000011285
17.275000000099553
36.350000000099705
52.25000000010332
63.575000000105895
67.65000000010681
79.37500000010948
93.85000000011277
108.025000000116
122.22500000011922
136.45000000011282
17.200000000099557
36.27500000009969
52.1750000001033
63.42500000010586
67.37500000010675
79.27500000010946
93.42500000011268
108.00000000011599
122.17500000011921
136.40000000011287
17.250000000099554
36.27500000009969
52.1750000001033
63.50000000010588
67.45000000010677
79.27500000010946
93.85000000011277
107.97500000011598
122.17500000011921
136.40000000011287
