17.47500000009954
21.37500000009932
36.72500000009979
40.575000000100665
52.55000000010339
56.275000000104235
66.97500000010666
71.02500000010758
79.77500000010957
83.80000000011049
94.35000000011289
98.30000000011378
108.40000000011608
112.425000000117
122.52500000011929
126.5500000001202
136.7000000001126
140.72500000010893
17.47500000009954
21.300000000099324
36.67500000009978
40.47500000010064
52.52500000010338
56.17500000010421
66.92500000010665
70.95000000010756
79.72500000010956
83.57500000011044
94.35000000011289
98.22500000011377
108.37500000011607
112.35000000011698
122.50000000011929
126.45000000012018
136.67500000011262
140.60000000010905
17.47500000009954
21.425000000099317
36.72500000009979
40.62500000010068
52.55000000010339
56.30000000010424
66.97500000010666
71.15000000010761
79.75000000010957
83.92500000011051
94.37500000011289
98.30000000011378
108.40000000011608
112.450000000117
122.52500000011929
126.5500000001202
136.67500000011262
140.70000000010896
17.450000000099543
21.250000000099327
36.72500000009979
40.50000000010065
52.55000000010339
56.20000000010422
66.95000000010666
70.92500000010756
79.72500000010956
83.57500000011044
94.35000000011289
98.17500000011376
108.37500000011607
112.30000000011697
122.50000000011929
126.40000000012017
136.67500000011262
140.57500000010907
17.47500000009954
21.35000000009932
36.65000000009977
40.50000000010065
52.50000000010338
56.20000000010422
66.90000000010664
70.90000000010755
79.72500000010956
83.67500000011046
94.27500000011287
98.20000000011376
108.32500000011606
112.32500000011697
122.45000000011927
126.42500000012018
136.62500000011266
140.57500000010907
17.47500000009954
21.275000000099325
36.72500000009979
40.55000000010066
52.575000000103394
56.25000000010423
66.95000000010666
70.95000000010756
79.75000000010957
83.65000000011045
94.4000000001129
98.30000000011378
108.42500000011609
112.425000000117
122.5500000001193
126.5250000001202
136.72500000011257
140.67500000010898
17.47500000009954
21.35000000009932
36.750000000099796
40.60000000010067
52.575000000103394
56.275000000104235
66.97500000010666
71.00000000010758
79.75000000010957
83.65000000011045
94.37500000011289
98.25000000011377
108.42500000011609
112.40000000011699
122.52500000011929
126.5000000001202
136.7000000001126
140.650000000109
17.47500000009954
21.300000000099324
36.700000000099784
40.50000000010065
52.52500000010338
56.20000000010422
66.95000000010666
70.92500000010756
79.72500000010956
83.57500000011044
94.35000000011289
98.22500000011377
108.37500000011607
112.35000000011698
122.50000000011929
126.45000000012018
136.65000000011264
140.60000000010905
17.400000000099546
21.225000000099328
36.65000000009977
40.45000000010064
52.50000000010338
56.17500000010421
66.90000000010664
70.95000000010756
79.70000000010955
83.62500000011045
94.32500000011288
98.22500000011377
108.35000000011607
112.35000000011698
122.47500000011928
126.45000000012018
136.65000000011264
140.62500000010903
17.450000000099543
21.275000000099325
36.67500000009978
40.50000000010065
52.50000000010338
56.17500000010421
66.92500000010665
70.90000000010755
79.67500000010955
83.50000000011042
94.32500000011288
98.17500000011376
108.35000000011607
112.30000000011697
122.45000000011927
126.40000000012017
136.62500000011266
140.5500000001091
17.50000000009954
21.40000000009932
36.72500000009979
40.60000000010067
52.575000000103394
56.30000000010424
67.00000000010667
71.05000000010759
79.80000000010958
83.77500000011048
94.37500000011289
98.30000000011378
108.42500000011609
112.425000000117
122.5500000001193
126.5500000001202
136.72500000011257
140.72500000010893
17.425000000099544
21.300000000099324
36.700000000099784
40.55000000010066
52.52500000010338
56.225000000104224
66.92500000010665
70.97500000010757
79.72500000010956
83.65000000011045
94.32500000011288
98.22500000011377
108.35000000011607
112.35000000011698
122.47500000011928
126.45000000012018
136.65000000011264
140.60000000010905
17.450000000099543
21.300000000099324
36.700000000099784
40.525000000100654
52.52500000010338
56.20000000010422
66.92500000010665
70.97500000010757
79.70000000010955
83.62500000011045
94.32500000011288
98.22500000011377
108.35000000011607
112.35000000011698
122.47500000011928
126.42500000012018
136.62500000011266
140.57500000010907
17.450000000099543
21.275000000099325
36.700000000099784
40.50000000010065
52.55000000010339
56.20000000010422
66.95000000010666
70.95000000010756
79.75000000010957
83.62500000011045
94.35000000011289
98.22500000011377
108.40000000011608
112.35000000011698
122.52500000011929
126.45000000012018
136.7000000001126
140.62500000010903
17.450000000099543
21.275000000099325
36.72500000009979
40.50000000010065
52.55000000010339
56.17500000010421
66.92500000010665
70.87500000010755
79.70000000010955
83.50000000011042
94.35000000011289
98.17500000011376
108.37500000011607
112.30000000011697
122.50000000011929
126.40000000012017
136.67500000011262
140.5500000001091
17.450000000099543
21.35000000009932
36.750000000099796
40.62500000010068
52.575000000103394
56.275000000104235
66.95000000010666
71.05000000010759
79.70000000010955
83.67500000011046
94.37500000011289
98.27500000011378
108.40000000011608
112.40000000011699
122.50000000011929
126.5000000001202
136.65000000011264
140.62500000010903
17.52500000009954
21.450000000099315
36.7750000000998
40.62500000010068
52.6000000001034
56.32500000010425
67.02500000010667
71.17500000010762
79.80000000010958
83.67500000011046
94.4000000001129
98.32500000011379
108.42500000011609
112.450000000117
122.5500000001193
126.57500000012021
136.72500000011257
140.72500000010893
17.450000000099543
21.275000000099325
36.72500000009979
40.525000000100654
52.55000000010339
56.20000000010422
66.95000000010666
70.97500000010757
79.75000000010957
83.77500000011048
94.37500000011289
98.27500000011378
108.40000000011608
112.40000000011699
122.52500000011929
126.5250000001202
136.7000000001126
140.67500000010898
17.450000000099543
21.37500000009932
36.700000000099784
40.575000000100665
52.52500000010338
56.25000000010423
66.92500000010665
70.95000000010756
79.72500000010956
83.67500000011046
94.32500000011288
98.25000000011377
108.37500000011607
112.40000000011699
122.47500000011928
126.5000000001202
136.65000000011264
140.650000000109
17.425000000099544
21.17500000009933
36.700000000099784
40.400000000100626
52.52500000010338
56.100000000104195
66.90000000010664
70.80000000010753
79.70000000010955
83.4000000001104
94.32500000011288
98.12500000011374
108.35000000011607
112.22500000011695
122.47500000011928
126.32500000012016
136.65000000011264
140.45000000010918
17.450000000099543
21.325000000099323
36.72500000009979
40.55000000010066
52.55000000010339
56.25000000010423
67.00000000010667
71.0750000001076
79.72500000010956
83.57500000011044
94.35000000011289
98.25000000011377
108.37500000011607
112.37500000011698
122.50000000011929
126.47500000012019
136.67500000011262
140.62500000010903
17.450000000099543
21.35000000009932
36.72500000009979
40.575000000100665
52.55000000010339
56.275000000104235
66.97500000010666
71.05000000010759
79.72500000010956
83.72500000011047
94.35000000011289
98.30000000011378
108.40000000011608
112.425000000117
122.50000000011929
126.5500000001202
136.67500000011262
140.70000000010896
17.50000000009954
21.37500000009932
36.750000000099796
40.60000000010067
52.575000000103394
56.275000000104235
66.97500000010666
71.00000000010758
79.77500000010957
83.72500000011047
94.37500000011289
98.25000000011377
108.40000000011608
112.37500000011698
122.52500000011929
126.5000000001202
136.7000000001126
140.650000000109
17.400000000099546
21.20000000009933
36.65000000009977
40.42500000010063
52.47500000010337
56.1250000001042
66.85000000010663
70.77500000010753
79.65000000010954
83.47500000011041
94.27500000011287
98.15000000011375
108.32500000011606
112.27500000011696
122.42500000011927
126.35000000012016
136.6000000001127
140.50000000010914
17.400000000099546
21.225000000099328
36.700000000099784
40.50000000010065
52.52500000010338
56.17500000010421
66.87500000010664
70.85000000010754
79.72500000010956
83.52500000011042
94.32500000011288
98.20000000011376
108.37500000011607
112.32500000011697
122.47500000011928
126.42500000012018
136.65000000011264
140.57500000010907
17.400000000099546
21.250000000099327
36.67500000009978
40.47500000010064
52.50000000010338
56.17500000010421
66.90000000010664
70.87500000010755
79.67500000010955
83.47500000011041
94.30000000011287
98.20000000011376
108.35000000011607
112.32500000011697
122.45000000011927
126.42500000012018
136.62500000011266
140.5500000001091
17.50000000009954
21.450000000099315
36.72500000009979
40.62500000010068
52.575000000103394
56.35000000010425
67.02500000010667
71.40000000010767
79.77500000010957
83.70000000011046
94.37500000011289
98.3500000001138
108.40000000011608
112.50000000011701
122.52500000011929
126.62500000012022
136.7000000001126
140.7750000001089
17.400000000099546
21.20000000009933
36.700000000099784
40.47500000010064
52.52500000010338
56.15000000010421
66.87500000010664
70.85000000010754
79.70000000010955
83.50000000011042
94.32500000011288
98.17500000011376
108.35000000011607
112.30000000011697
122.47500000011928
126.37500000012017
136.62500000011266
140.52500000010912
17.450000000099543
21.37500000009932
36.700000000099784
40.60000000010067
52.52500000010338
56.25000000010423
66.95000000010666
71.15000000010761
79.72500000010956
83.72500000011047
94.32500000011288
98.27500000011378
108.35000000011607
112.425000000117
122.47500000011928
126.5250000001202
136.65000000011264
140.650000000109
17.450000000099543
21.275000000099325
36.700000000099784
40.50000000010065
52.55000000010339
56.225000000104224
66.95000000010666
70.95000000010756
79.72500000010956
83.62500000011045
94.35000000011289
98.22500000011377
108.37500000011607
112.35000000011698
122.50000000011929
126.45000000012018
136.67500000011262
140.60000000010905
17.47500000009954
21.37500000009932
36.72500000009979
40.60000000010067
52.575000000103394
56.275000000104235
66.97500000010666
71.15000000010761
79.80000000010958
83.80000000011049
94.37500000011289
98.30000000011378
108.42500000011609
112.450000000117
122.5500000001193
126.57500000012021
136.72500000011257
140.7500000001089
17.400000000099546
21.225000000099328
36.62500000009977
40.42500000010063
52.450000000103365
56.100000000104195
66.82500000010663
70.80000000010753
79.67500000010955
83.50000000011042
94.25000000011286
98.15000000011375
108.27500000011605
112.27500000011696
122.40000000011926
126.35000000012016
136.5750000001127
140.47500000010916
17.450000000099543
21.250000000099327
36.700000000099784
40.47500000010064
52.52500000010338
56.15000000010421
66.92500000010665
70.90000000010755
79.70000000010955
83.52500000011042
94.32500000011288
98.17500000011376
108.37500000011607
112.27500000011696
122.47500000011928
126.37500000012017
136.65000000011264
140.52500000010912
17.400000000099546
21.17500000009933
36.700000000099784
40.47500000010064
52.52500000010338
56.17500000010421
66.90000000010664
70.82500000010754
79.67500000010955
83.4000000001104
94.32500000011288
98.17500000011376
108.37500000011607
112.30000000011697
122.47500000011928
126.37500000012017
136.65000000011264
140.52500000010912
17.50000000009954
21.37500000009932
36.7750000000998
40.62500000010068
52.6000000001034
56.30000000010424
67.00000000010667
71.02500000010758
79.75000000010957
83.60000000011044
94.4000000001129
98.30000000011378
108.45000000011609
112.450000000117
122.5500000001193
126.5500000001202
136.72500000011257
140.70000000010896
17.47500000009954
21.35000000009932
36.72500000009979
40.575000000100665
52.575000000103394
56.25000000010423
67.00000000010667
71.1250000001076
79.75000000010957
83.57500000011044
94.35000000011289
98.25000000011377
108.40000000011608
112.37500000011698
122.50000000011929
126.47500000012019
136.67500000011262
140.62500000010903
17.47500000009954
21.35000000009932
36.72500000009979
40.525000000100654
52.55000000010339
56.20000000010422
66.92500000010665
70.87500000010755
79.75000000010957
83.72500000011047
94.35000000011289
98.22500000011377
108.37500000011607
112.32500000011697
122.50000000011929
126.45000000012018
136.67500000011262
140.57500000010907
17.425000000099544
21.20000000009933
36.700000000099784
40.50000000010065
52.52500000010338
56.15000000010421
66.90000000010664
70.82500000010754
79.70000000010955
83.52500000011042
94.35000000011289
98.22500000011377
108.37500000011607
112.35000000011698
122.50000000011929
126.42500000012018
136.67500000011262
140.57500000010907
17.450000000099543
21.300000000099324
36.67500000009978
40.55000000010066
52.52500000010338
56.25000000010423
66.90000000010664
70.92500000010756
79.72500000010956
83.70000000011046
94.32500000011288
98.27500000011378
108.35000000011607
112.40000000011699
122.47500000011928
126.5000000001202
136.62500000011266
140.650000000109
17.400000000099546
21.20000000009933
36.67500000009978
40.47500000010064
52.50000000010338
56.15000000010421
66.87500000010664
70.85000000010754
79.67500000010955
83.52500000011042
94.30000000011287
98.17500000011376
108.32500000011606
112.30000000011697
122.45000000011927
126.37500000012017
136.62500000011266
140.52500000010912
17.450000000099543
21.35000000009932
36.750000000099796
40.60000000010067
52.575000000103394
56.275000000104235
67.00000000010667
71.02500000010758
79.77500000010957
83.57500000011044
94.4000000001129
98.27500000011378
108.42500000011609
112.40000000011699
122.5500000001193
126.5250000001202
136.72500000011257
140.67500000010898
17.450000000099543
21.275000000099325
36.65000000009977
40.50000000010065
52.52500000010338
56.17500000010421
66.90000000010664
70.92500000010756
79.72500000010956
83.57500000011044
94.32500000011288
98.22500000011377
108.35000000011607
112.35000000011698
122.47500000011928
126.45000000012018
136.65000000011264
140.60000000010905
17.47500000009954
21.35000000009932
36.72500000009979
40.55000000010066
52.575000000103394
56.225000000104224
66.97500000010666
71.00000000010758
79.77500000010957
83.62500000011045
94.37500000011289
98.25000000011377
108.40000000011608
112.37500000011698
122.52500000011929
126.47500000012019
136.7000000001126
140.650000000109
17.450000000099543
21.300000000099324
36.750000000099796
40.575000000100665
52.575000000103394
56.25000000010423
66.97500000010666
71.00000000010758
79.72500000010956
83.55000000011043
94.37500000011289
98.22500000011377
108.40000000011608
112.35000000011698
122.52500000011929
126.45000000012018
136.7000000001126
140.60000000010905
17.400000000099546
21.150000000099332
36.65000000009977
40.42500000010063
52.47500000010337
56.100000000104195
66.87500000010664
70.80000000010753
79.67500000010955
83.47500000011041
94.30000000011287
98.15000000011375
108.35000000011607
112.27500000011696
122.45000000011927
126.37500000012017
136.62500000011266
140.52500000010912
17.47500000009954
21.40000000009932
36.700000000099784
40.60000000010067
52.52500000010338
56.275000000104235
66.95000000010666
71.02500000010758
79.80000000010958
83.67500000011046
94.32500000011288
98.27500000011378
108.37500000011607
112.40000000011699
122.50000000011929
126.5250000001202
136.67500000011262
140.70000000010896
17.400000000099546
21.20000000009933
36.575000000099756
40.32500000010061
52.400000000103354
56.050000000104184
66.82500000010663
70.85000000010754
79.65000000010954
83.77500000011048
94.20000000011285
98.12500000011374
108.25000000011605
112.25000000011696
122.37500000011926
126.32500000012016
136.52500000011275
140.45000000010918
17.400000000099546
21.20000000009933
36.67500000009978
40.42500000010063
52.50000000010338
56.15000000010421
66.87500000010664
70.82500000010754
79.65000000010954
83.4500000001104
94.32500000011288
98.17500000011376
108.35000000011607
112.27500000011696
122.45000000011927
126.37500000012017
136.62500000011266
140.52500000010912
17.47500000009954
21.300000000099324
36.7750000000998
40.55000000010066
52.6000000001034
56.25000000010423
67.00000000010667
70.95000000010756
79.77500000010957
83.62500000011045
94.4000000001129
98.25000000011377
108.45000000011609
112.35000000011698
122.5750000001193
126.47500000012019
136.72500000011257
140.62500000010903
17.47500000009954
21.300000000099324
36.700000000099784
40.50000000010065
52.52500000010338
56.20000000010422
66.97500000010666
71.02500000010758
79.72500000010956
83.70000000011046
94.35000000011289
98.22500000011377
108.37500000011607
112.35000000011698
122.50000000011929
126.47500000012019
136.67500000011262
140.62500000010903
17.450000000099543
21.300000000099324
36.700000000099784
40.50000000010065
52.52500000010338
56.20000000010422
66.92500000010665
70.90000000010755
79.67500000010955
83.65000000011045
94.32500000011288
98.20000000011376
108.35000000011607
112.32500000011697
122.45000000011927
126.42500000012018
136.62500000011266
140.57500000010907
17.425000000099544
21.325000000099323
36.700000000099784
40.55000000010066
52.52500000010338
56.225000000104224
66.90000000010664
70.95000000010756
79.72500000010956
83.67500000011046
94.32500000011288
98.25000000011377
108.35000000011607
112.37500000011698
122.47500000011928
126.47500000012019
136.65000000011264
140.62500000010903
17.450000000099543
21.300000000099324
36.700000000099784
40.50000000010065
52.55000000010339
56.20000000010422
66.97500000010666
71.0750000001076
79.72500000010956
83.57500000011044
94.35000000011289
98.22500000011377
108.37500000011607
112.35000000011698
122.50000000011929
126.45000000012018
136.67500000011262
140.60000000010905
17.47500000009954
21.40000000009932
36.72500000009979
40.575000000100665
52.575000000103394
56.30000000010424
67.05000000010668
71.22500000010763
79.75000000010957
83.72500000011047
94.37500000011289
98.30000000011378
108.42500000011609
112.450000000117
122.5500000001193
126.57500000012021
136.72500000011257
140.7500000001089
17.425000000099544
21.35000000009932
36.67500000009978
40.525000000100654
52.50000000010338
56.225000000104224
66.90000000010664
71.02500000010758
79.67500000010955
83.60000000011044
94.32500000011288
98.25000000011377
108.32500000011606
112.37500000011698
122.45000000011927
126.47500000012019
136.6000000001127
140.62500000010903
17.450000000099543
21.20000000009933
36.700000000099784
40.45000000010064
52.52500000010338
56.15000000010421
66.90000000010664
70.85000000010754
79.72500000010956
83.60000000011044
94.32500000011288
98.15000000011375
108.35000000011607
112.27500000011696
122.47500000011928
126.37500000012017
136.65000000011264
140.52500000010912
17.50000000009954
21.500000000099313
36.72500000009979
40.65000000010068
52.52500000010338
56.30000000010424
66.92500000010665
71.1000000001076
79.72500000010956
83.8500000001105
94.32500000011288
98.27500000011378
108.35000000011607
112.40000000011699
122.45000000011927
126.5000000001202
136.62500000011266
140.650000000109
17.450000000099543
21.275000000099325
36.700000000099784
40.47500000010064
52.52500000010338
56.17500000010421
66.90000000010664
70.82500000010754
79.70000000010955
83.57500000011044
94.32500000011288
98.17500000011376
108.37500000011607
112.30000000011697
122.47500000011928
126.40000000012017
136.65000000011264
140.5500000001091
17.450000000099543
21.325000000099323
36.67500000009978
40.525000000100654
52.50000000010338
56.20000000010422
66.87500000010664
70.90000000010755
79.70000000010955
83.70000000011046
94.30000000011287
98.22500000011377
108.35000000011607
112.35000000011698
122.45000000011927
126.45000000012018
136.62500000011266
140.60000000010905
17.425000000099544
21.275000000099325
36.65000000009977
40.50000000010065
52.50000000010338
56.17500000010421
66.87500000010664
70.87500000010755
79.67500000010955
83.55000000011043
94.27500000011287
98.17500000011376
108.30000000011606
112.30000000011697
122.42500000011927
126.40000000012017
136.5750000001127
140.52500000010912
17.450000000099543
21.250000000099327
36.72500000009979
40.50000000010065
52.52500000010338
56.17500000010421
66.92500000010665
70.85000000010754
79.67500000010955
83.4500000001104
94.35000000011289
98.15000000011375
108.37500000011607
112.27500000011696
122.47500000011928
126.35000000012016
136.62500000011266
140.50000000010914
17.50000000009954
21.35000000009932
36.7750000000998
40.60000000010067
52.575000000103394
56.275000000104235
67.00000000010667
71.1250000001076
79.72500000010956
83.65000000011045
94.4000000001129
98.25000000011377
108.42500000011609
112.40000000011699
122.5500000001193
126.5000000001202
136.7000000001126
140.650000000109
17.450000000099543
21.250000000099327
36.62500000009977
40.42500000010063
52.47500000010337
56.1250000001042
66.87500000010664
70.82500000010754
79.72500000010956
83.67500000011046
94.27500000011287
98.15000000011375
108.32500000011606
112.27500000011696
122.42500000011927
126.37500000012017
136.6000000001127
140.50000000010914
17.400000000099546
21.275000000099325
36.65000000009977
40.47500000010064
52.47500000010337
56.15000000010421
66.85000000010663
70.82500000010754
79.62500000010954
83.4500000001104
94.27500000011287
98.15000000011375
108.30000000011606
112.27500000011696
122.42500000011927
126.37500000012017
136.5750000001127
140.50000000010914
17.375000000099547
21.225000000099328
36.575000000099756
40.37500000010062
52.450000000103365
56.100000000104195
66.85000000010663
70.90000000010755
79.67500000010955
83.70000000011046
94.25000000011286
98.20000000011376
108.30000000011606
112.32500000011697
122.42500000011927
126.42500000012018
136.5750000001127
140.57500000010907
17.50000000009954
21.475000000099314
36.7750000000998
40.7250000001007
52.6000000001034
56.35000000010425
66.97500000010666
71.0750000001076
79.80000000010958
83.80000000011049
94.4000000001129
98.32500000011379
108.42500000011609
112.475000000117
122.5500000001193
126.60000000012022
136.72500000011257
140.7500000001089
17.425000000099544
21.35000000009932
36.700000000099784
40.60000000010067
52.55000000010339
56.30000000010424
66.92500000010665
71.05000000010759
79.75000000010957
83.65000000011045
94.35000000011289
98.27500000011378
108.37500000011607
112.450000000117
122.50000000011929
126.5500000001202
136.67500000011262
140.72500000010893
17.400000000099546
21.17500000009933
36.62500000009977
40.42500000010063
52.47500000010337
56.100000000104195
66.85000000010663
70.80000000010753
79.67500000010955
83.52500000011042
94.25000000011286
98.15000000011375
108.30000000011606
112.27500000011696
122.42500000011927
126.35000000012016
136.5750000001127
140.47500000010916
17.450000000099543
21.325000000099323
36.700000000099784
40.525000000100654
52.52500000010338
56.20000000010422
66.92500000010665
70.95000000010756
79.72500000010956
83.67500000011046
94.32500000011288
98.25000000011377
108.37500000011607
112.37500000011698
122.47500000011928
126.5000000001202
136.65000000011264
140.650000000109
17.450000000099543
21.275000000099325
36.67500000009978
40.45000000010064
52.52500000010338
56.17500000010421
66.90000000010664
70.87500000010755
79.70000000010955
83.57500000011044
94.30000000011287
98.17500000011376
108.35000000011607
112.30000000011697
122.47500000011928
126.40000000012017
136.62500000011266
140.5500000001091
17.450000000099543
21.225000000099328
36.72500000009979
40.50000000010065
52.575000000103394
56.225000000104224
66.97500000010666
71.00000000010758
79.77500000010957
83.55000000011043
94.4000000001129
98.22500000011377
108.42500000011609
112.37500000011698
122.5500000001193
126.5000000001202
136.75000000011255
140.650000000109
17.425000000099544
21.300000000099324
36.67500000009978
40.50000000010065
52.50000000010338
56.20000000010422
66.92500000010665
70.95000000010756
79.70000000010955
83.57500000011044
94.32500000011288
98.25000000011377
108.37500000011607
112.40000000011699
122.47500000011928
126.47500000012019
136.65000000011264
140.650000000109
17.425000000099544
21.275000000099325
36.67500000009978
40.50000000010065
52.50000000010338
56.17500000010421
66.90000000010664
70.90000000010755
79.72500000010956
83.67500000011046
94.30000000011287
98.22500000011377
108.35000000011607
112.35000000011698
122.47500000011928
126.45000000012018
136.65000000011264
140.60000000010905
17.47500000009954
21.275000000099325
36.750000000099796
40.525000000100654
52.575000000103394
56.225000000104224
66.97500000010666
70.92500000010756
79.75000000010957
83.50000000011042
94.37500000011289
98.20000000011376
108.40000000011608
112.32500000011697
122.52500000011929
126.42500000012018
136.7000000001126
140.57500000010907
17.375000000099547
21.125000000099334
36.60000000009976
40.350000000100614
52.450000000103365
56.050000000104184
66.82500000010663
70.75000000010752
79.62500000010954
83.4250000001104
94.25000000011286
98.10000000011374
108.27500000011605
112.20000000011694
122.40000000011926
126.30000000012015
136.55000000011273
140.4250000001092
17.47500000009954
21.275000000099325
36.750000000099796
40.525000000100654
52.575000000103394
56.225000000104224
66.97500000010666
70.95000000010756
79.75000000010957
83.60000000011044
94.37500000011289
98.22500000011377
108.40000000011608
112.35000000011698
122.52500000011929
126.45000000012018
136.7000000001126
140.60000000010905
17.450000000099543
21.35000000009932
36.72500000009979
40.55000000010066
52.55000000010339
56.225000000104224
66.90000000010664
70.87500000010755
79.67500000010955
83.50000000011042
94.32500000011288
98.22500000011377
108.37500000011607
112.35000000011698
122.47500000011928
126.42500000012018
136.65000000011264
140.57500000010907
17.50000000009954
21.40000000009932
36.750000000099796
40.60000000010067
52.575000000103394
56.30000000010424
66.97500000010666
71.0750000001076
79.80000000010958
83.77500000011048
94.37500000011289
98.30000000011378
108.40000000011608
112.425000000117
122.52500000011929
126.5500000001202
136.7000000001126
140.70000000010896
17.450000000099543
21.35000000009932
36.67500000009978
40.525000000100654
52.50000000010338
56.225000000104224
66.92500000010665
70.92500000010756
79.70000000010955
83.65000000011045
94.30000000011287
98.22500000011377
108.35000000011607
112.35000000011698
122.45000000011927
126.45000000012018
136.62500000011266
140.60000000010905
17.425000000099544
21.35000000009932
36.700000000099784
40.575000000100665
52.52500000010338
56.275000000104235
66.92500000010665
71.22500000010763
79.75000000010957
83.70000000011046
94.35000000011289
98.30000000011378
108.37500000011607
112.450000000117
122.50000000011929
126.5500000001202
136.67500000011262
140.72500000010893
17.450000000099543
21.300000000099324
36.750000000099796
40.55000000010066
52.575000000103394
56.225000000104224
66.97500000010666
70.97500000010757
79.75000000010957
83.62500000011045
94.37500000011289
98.22500000011377
108.42500000011609
112.35000000011698
122.52500000011929
126.45000000012018
136.7000000001126
140.62500000010903
17.47500000009954
21.325000000099323
36.7750000000998
40.55000000010066
52.575000000103394
56.25000000010423
66.95000000010666
70.92500000010756
79.72500000010956
83.50000000011042
94.37500000011289
98.22500000011377
108.40000000011608
112.32500000011697
122.52500000011929
126.42500000012018
136.67500000011262
140.57500000010907
17.47500000009954
21.35000000009932
36.750000000099796
40.60000000010067
52.575000000103394
56.25000000010423
67.00000000010667
71.0750000001076
79.72500000010956
83.50000000011042
94.37500000011289
98.25000000011377
108.40000000011608
112.37500000011698
122.52500000011929
126.47500000012019
136.7000000001126
140.62500000010903
17.450000000099543
21.325000000099323
36.700000000099784
40.575000000100665
52.52500000010338
56.275000000104235
66.92500000010665
70.97500000010757
79.75000000010957
83.67500000011046
94.35000000011289
98.30000000011378
108.37500000011607
112.425000000117
122.50000000011929
126.5500000001202
136.67500000011262
140.70000000010896
17.425000000099544
21.225000000099328
36.65000000009977
40.45000000010064
52.50000000010338
56.17500000010421
66.92500000010665
70.97500000010757
79.70000000010955
83.55000000011043
94.32500000011288
98.22500000011377
108.35000000011607
112.35000000011698
122.47500000011928
126.47500000012019
136.65000000011264
140.62500000010903
17.450000000099543
21.37500000009932
36.65000000009977
40.55000000010066
52.47500000010337
56.225000000104224
66.85000000010663
70.92500000010756
79.70000000010955
83.80000000011049
94.30000000011287
98.22500000011377
108.32500000011606
112.37500000011698
122.42500000011927
126.47500000012019
136.6000000001127
140.62500000010903
17.47500000009954
21.425000000099317
36.72500000009979
40.60000000010067
52.55000000010339
56.275000000104235
66.97500000010666
71.1000000001076
79.72500000010956
83.72500000011047
94.37500000011289
98.30000000011378
108.40000000011608
112.425000000117
122.50000000011929
126.5250000001202
136.67500000011262
140.70000000010896
17.400000000099546
21.225000000099328
36.65000000009977
40.45000000010064
52.47500000010337
56.1250000001042
66.85000000010663
70.80000000010753
79.65000000010954
83.52500000011042
94.30000000011287
98.15000000011375
108.32500000011606
112.27500000011696
122.42500000011927
126.35000000012016
136.6000000001127
140.50000000010914
17.450000000099543
21.35000000009932
36.750000000099796
40.60000000010067
52.55000000010339
56.275000000104235
66.97500000010666
71.05000000010759
79.75000000010957
83.65000000011045
94.35000000011289
98.25000000011377
108.40000000011608
112.40000000011699
122.50000000011929
126.5250000001202
136.67500000011262
140.70000000010896
17.47500000009954
21.300000000099324
36.72500000009979
40.525000000100654
52.575000000103394
56.225000000104224
66.95000000010666
70.95000000010756
79.77500000010957
83.52500000011042
94.37500000011289
98.25000000011377
108.42500000011609
112.35000000011698
122.52500000011929
126.47500000012019
136.7000000001126
140.62500000010903
