11.1750000000999
20.85000000009935
22.45000000009926
23.975000000099172
40.12500000010056
55.20000000010399
67.47500000010677
70.90000000010755
78.90000000010937
89.85000000011186
93.35000000011266
105.02500000011531
11.1500000000999
20.82500000009935
22.525000000099254
24.050000000099168
40.12500000010056
55.250000000104
67.50000000010678
70.82500000010754
78.90000000010937
93.37500000011266
105.02500000011531
11.1750000000999
20.800000000099352
22.40000000009926
23.975000000099172
40.02500000010054
55.15000000010398
67.37500000010675
70.90000000010755
78.90000000010937
93.27500000011264
104.87500000011528
11.200000000099898
20.875000000099348
22.525000000099254
24.02500000009917
40.12500000010056
55.175000000103985
67.67500000010682
70.97500000010757
74.80000000010844
78.95000000010938
89.85000000011186
93.35000000011266
105.05000000011532
118.50000000011838
11.200000000099898
20.775000000099354
22.375000000099263
23.975000000099172
40.050000000100546
55.175000000103985
67.20000000010671
70.95000000010756
93.1000000001126
104.75000000011525
11.225000000099897
20.82500000009935
22.42500000009926
24.00000000009917
40.12500000010056
55.20000000010399
67.40000000010676
70.87500000010755
78.95000000010938
93.17500000011262
104.77500000011526
11.225000000099897
20.82500000009935
22.45000000009926
24.02500000009917
40.20000000010058
55.225000000104
67.42500000010676
70.90000000010755
74.72500000010842
78.97500000010939
93.40000000011267
105.05000000011532
11.1500000000999
20.82500000009935
22.475000000099257
24.00000000009917
40.050000000100546
55.20000000010399
67.40000000010676
70.95000000010756
78.92500000010938
93.37500000011266
105.17500000011535
11.1750000000999
20.85000000009935
22.500000000099256
23.975000000099172
40.050000000100546
55.15000000010398
67.42500000010676
70.90000000010755
78.90000000010937
93.40000000011267
105.02500000011531
11.225000000099897
20.85000000009935
22.475000000099257
24.02500000009917
40.15000000010057
55.225000000104
67.55000000010679
70.82500000010754
78.95000000010938
89.87500000011187
93.22500000011263
104.82500000011527
11.1500000000999
20.800000000099352
22.375000000099263
23.975000000099172
40.07500000010055
55.15000000010398
67.22500000010672
71.00000000010758
78.95000000010938
93.22500000011263
104.82500000011527
11.1500000000999
20.85000000009935
22.475000000099257
24.00000000009917
40.050000000100546
55.15000000010398
67.37500000010675
70.82500000010754
78.90000000010937
93.37500000011266
105.12500000011534
11.225000000099897
20.82500000009935
22.500000000099256
24.050000000099168
40.20000000010058
55.20000000010399
67.55000000010679
70.95000000010756
74.67500000010841
79.0250000001094
89.77500000011185
93.5250000001127
105.0000000001153
118.55000000011839
11.200000000099898
20.82500000009935
22.475000000099257
24.02500000009917
40.10000000010056
55.15000000010398
67.47500000010677
70.82500000010754
78.95000000010938
93.35000000011266
104.85000000011527
118.50000000011838
11.125000000099902
20.875000000099348
22.525000000099254
24.02500000009917
40.07500000010055
55.15000000010398
67.67500000010682
70.97500000010757
74.80000000010844
78.90000000010937
89.85000000011186
93.35000000011266
105.02500000011531
118.47500000011837
11.225000000099897
20.875000000099348
22.60000000009925
24.075000000099166
40.175000000100574
55.15000000010398
67.80000000010685
71.00000000010758
74.85000000010845
78.97500000010939
89.92500000011188
93.50000000011269
105.4000000001154
11.225000000099897
20.85000000009935
22.525000000099254
24.050000000099168
40.175000000100574
55.15000000010398
67.47500000010677
70.87500000010755
79.0000000001094
93.5250000001127
105.20000000011535
11.250000000099895
20.800000000099352
22.45000000009926
24.050000000099168
40.15000000010057
55.225000000104
67.45000000010677
70.92500000010756
78.92500000010938
93.25000000011264
104.85000000011527
118.50000000011838
11.225000000099897
20.875000000099348
22.525000000099254
24.02500000009917
40.175000000100574
55.30000000010401
67.67500000010682
70.97500000010757
78.97500000010939
89.90000000011187
93.47500000011269
105.17500000011535
118.52500000011838
11.125000000099902
20.775000000099354
22.375000000099263
23.950000000099173
40.000000000100535
55.10000000010397
67.1250000001067
70.85000000010754
93.00000000011258
104.67500000011523
11.200000000099898
20.82500000009935
22.45000000009926
24.00000000009917
40.10000000010056
55.175000000103985
67.35000000010675
70.85000000010754
78.95000000010938
93.17500000011262
104.87500000011528
11.200000000099898
20.775000000099354
22.375000000099263
23.975000000099172
39.97500000010053
55.175000000103985
67.20000000010671
70.87500000010755
78.97500000010939
93.25000000011264
104.75000000011525
11.225000000099897
20.750000000099355
22.375000000099263
23.975000000099172
39.97500000010053
55.10000000010397
67.25000000010672
70.82500000010754
93.0750000001126
104.62500000011522
11.1750000000999
20.85000000009935
22.475000000099257
23.975000000099172
40.175000000100574
52.100000000103286
55.15000000010398
67.6000000001068
70.92500000010756
78.97500000010939
89.95000000011188
93.37500000011266
105.17500000011535
11.225000000099897
20.875000000099348
22.57500000009925
24.050000000099168
40.15000000010057
55.15000000010398
67.80000000010685
70.97500000010757
74.77500000010843
79.0000000001094
93.5250000001127
105.35000000011539
118.47500000011837
11.1750000000999
20.85000000009935
22.475000000099257
23.975000000099172
40.050000000100546
55.125000000103974
67.40000000010676
70.85000000010754
78.92500000010938
93.27500000011264
104.9750000001153
11.300000000099892
20.750000000099355
22.350000000099264
24.00000000009917
40.02500000010054
55.20000000010399
67.20000000010671
70.95000000010756
92.95000000011257
104.65000000011523
11.200000000099898
20.85000000009935
22.500000000099256
24.00000000009917
40.15000000010057
55.250000000104
67.35000000010675
70.80000000010753
78.92500000010938
93.30000000011265
104.9750000001153
11.275000000099894
20.82500000009935
22.500000000099256
24.050000000099168
40.12500000010056
55.225000000104
67.50000000010678
70.90000000010755
78.97500000010939
89.77500000011185
93.27500000011264
104.87500000011528
11.225000000099897
20.800000000099352
22.45000000009926
24.00000000009917
40.12500000010056
55.175000000103985
67.35000000010675
71.02500000010758
78.95000000010938
93.25000000011264
104.85000000011527
11.225000000099897
20.800000000099352
22.500000000099256
24.00000000009917
40.12500000010056
55.175000000103985
67.5750000001068
71.00000000010758
78.97500000010939
93.37500000011266
105.05000000011532
11.1750000000999
20.925000000099345
22.62500000009925
24.075000000099166
40.175000000100574
52.12500000010329
55.175000000103985
67.5750000001068
71.02500000010758
74.72500000010842
78.92500000010938
89.87500000011187
93.45000000011268
105.12500000011534
118.45000000011837
11.125000000099902
20.82500000009935
22.500000000099256
24.00000000009917
40.07500000010055
55.175000000103985
67.47500000010677
70.87500000010755
78.92500000010938
93.30000000011265
104.9500000001153
11.1750000000999
20.800000000099352
22.45000000009926
24.00000000009917
40.10000000010056
55.175000000103985
67.45000000010677
70.92500000010756
74.75000000010843
78.87500000010937
93.37500000011266
105.0000000001153
11.125000000099902
20.82500000009935
22.500000000099256
24.00000000009917
40.050000000100546
55.27500000010401
67.52500000010679
70.90000000010755
78.97500000010939
89.92500000011188
93.30000000011265
104.9500000001153
11.125000000099902
20.82500000009935
22.500000000099256
24.00000000009917
40.02500000010054
55.27500000010401
67.5750000001068
70.92500000010756
78.92500000010938
90.0000000001119
93.32500000011265
105.20000000011535
11.1750000000999
20.750000000099355
22.350000000099264
23.975000000099172
39.97500000010053
55.10000000010397
67.1250000001067
70.85000000010754
92.85000000011254
104.62500000011522
11.1750000000999
20.700000000099358
22.300000000099267
23.900000000099176
39.95000000010052
55.07500000010396
67.02500000010667
70.82500000010754
92.75000000011252
104.5250000001152
11.225000000099897
20.775000000099354
22.40000000009926
23.975000000099172
40.10000000010056
55.15000000010398
67.37500000010675
70.90000000010755
78.95000000010938
93.25000000011264
104.82500000011527
11.125000000099902
20.82500000009935
22.500000000099256
24.00000000009917
39.97500000010053
55.20000000010399
67.50000000010678
70.90000000010755
78.95000000010938
89.92500000011188
93.35000000011266
104.9750000001153
11.125000000099902
20.775000000099354
22.375000000099263
23.925000000099175
40.000000000100535
55.10000000010397
67.22500000010672
70.85000000010754
93.25000000011264
104.92500000011529
11.275000000099894
20.900000000099347
22.550000000099253
24.050000000099168
40.3000000001006
52.275000000103326
55.20000000010399
67.82500000010685
71.05000000010759
74.80000000010844
78.97500000010939
90.07500000011191
93.5250000001127
105.35000000011539
118.50000000011838
11.225000000099897
20.85000000009935
22.525000000099254
24.075000000099166
40.2750000001006
55.250000000104
67.5750000001068
70.97500000010757
74.75000000010843
78.97500000010939
89.82500000011186
93.5250000001127
105.10000000011533
11.1750000000999
20.85000000009935
22.550000000099253
24.050000000099168
40.25000000010059
55.250000000104
67.52500000010679
70.90000000010755
78.92500000010938
89.92500000011188
93.30000000011265
105.0000000001153
11.225000000099897
20.800000000099352
22.42500000009926
23.975000000099172
40.175000000100574
55.20000000010399
67.50000000010678
70.82500000010754
78.97500000010939
93.32500000011265
104.80000000011526
11.275000000099894
20.800000000099352
22.475000000099257
24.02500000009917
40.07500000010055
55.225000000104
67.35000000010675
70.95000000010756
78.92500000010938
93.35000000011266
105.0000000001153
11.225000000099897
20.82500000009935
22.45000000009926
24.00000000009917
40.10000000010056
55.175000000103985
67.45000000010677
70.90000000010755
78.95000000010938
93.32500000011265
105.02500000011531
11.1500000000999
20.750000000099355
22.350000000099264
23.950000000099173
40.175000000100574
55.125000000103974
67.32500000010674
70.87500000010755
93.15000000011261
104.70000000011524
11.200000000099898
20.900000000099347
22.550000000099253
24.02500000009917
40.12500000010056
52.00000000010326
55.15000000010398
67.5750000001068
70.95000000010756
78.95000000010938
89.90000000011187
93.45000000011268
105.0000000001153
11.1750000000999
20.85000000009935
22.57500000009925
24.050000000099168
40.15000000010057
55.10000000010397
67.50000000010678
70.90000000010755
78.95000000010938
93.40000000011267
105.05000000011532
11.100000000099904
20.800000000099352
22.45000000009926
23.975000000099172
40.000000000100535
55.07500000010396
67.22500000010672
70.92500000010756
92.92500000011256
104.85000000011527
11.1750000000999
20.85000000009935
22.550000000099253
24.02500000009917
40.050000000100546
67.50000000010678
70.92500000010756
78.95000000010938
93.32500000011265
105.10000000011533
11.1500000000999
20.775000000099354
22.350000000099264
23.950000000099173
40.02500000010054
55.15000000010398
67.32500000010674
70.87500000010755
93.1250000001126
104.85000000011527
11.200000000099898
20.875000000099348
22.60000000009925
24.050000000099168
40.12500000010056
52.32500000010334
55.15000000010398
67.67500000010682
70.95000000010756
78.95000000010938
89.87500000011187
93.42500000011268
105.17500000011535
118.50000000011838
11.125000000099902
20.85000000009935
22.475000000099257
23.975000000099172
40.10000000010056
55.125000000103974
67.55000000010679
70.85000000010754
78.90000000010937
93.27500000011264
104.92500000011529
11.200000000099898
20.800000000099352
22.42500000009926
23.975000000099172
40.12500000010056
55.225000000104
67.52500000010679
70.82500000010754
78.95000000010938
93.32500000011265
104.9500000001153
11.125000000099902
20.800000000099352
22.375000000099263
23.925000000099175
39.97500000010053
55.15000000010398
67.35000000010675
70.82500000010754
93.25000000011264
104.82500000011527
11.1750000000999
20.800000000099352
22.40000000009926
23.950000000099173
40.050000000100546
55.15000000010398
67.25000000010672
70.95000000010756
78.90000000010937
93.15000000011261
104.80000000011526
11.225000000099897
20.900000000099347
22.700000000099244
24.100000000099165
40.20000000010058
55.250000000104
67.55000000010679
70.97500000010757
74.82500000010845
78.95000000010938
89.85000000011186
93.40000000011267
105.17500000011535
11.225000000099897
20.85000000009935
22.500000000099256
24.02500000009917
40.20000000010058
55.225000000104
67.45000000010677
70.90000000010755
78.95000000010938
89.80000000011185
93.32500000011265
105.02500000011531
11.1750000000999
20.85000000009935
22.475000000099257
24.02500000009917
40.12500000010056
55.225000000104
67.5750000001068
70.95000000010756
78.95000000010938
93.45000000011268
105.05000000011532
11.275000000099894
20.85000000009935
22.475000000099257
24.02500000009917
40.15000000010057
55.250000000104
67.45000000010677
70.90000000010755
78.97500000010939
93.50000000011269
105.27500000011537
11.250000000099895
20.85000000009935
22.45000000009926
24.050000000099168
40.20000000010058
55.250000000104
67.45000000010677
70.95000000010756
78.95000000010938
93.32500000011265
105.05000000011532
118.55000000011839
11.200000000099898
20.800000000099352
22.375000000099263
23.975000000099172
40.12500000010056
55.175000000103985
67.35000000010675
70.85000000010754
78.95000000010938
93.40000000011267
104.87500000011528
11.200000000099898
20.750000000099355
22.375000000099263
23.975000000099172
40.10000000010056
55.10000000010397
67.22500000010672
70.90000000010755
93.05000000011259
104.67500000011523
11.1500000000999
20.82500000009935
22.45000000009926
24.00000000009917
40.07500000010055
55.125000000103974
67.37500000010675
70.87500000010755
78.95000000010938
93.40000000011267
104.92500000011529
11.100000000099904
20.82500000009935
22.475000000099257
23.950000000099173
40.02500000010054
55.10000000010397
67.32500000010674
70.85000000010754
78.90000000010937
93.25000000011264
104.85000000011527
11.1500000000999
20.875000000099348
22.550000000099253
24.02500000009917
40.050000000100546
55.225000000104
67.6000000001068
70.92500000010756
78.90000000010937
89.85000000011186
93.32500000011265
105.02500000011531
11.200000000099898
20.800000000099352
22.42500000009926
24.00000000009917
40.12500000010056
55.15000000010398
67.40000000010676
70.90000000010755
78.90000000010937
93.35000000011266
104.90000000011528
11.1750000000999
20.82500000009935
22.45000000009926
23.950000000099173
39.90000000010051
55.125000000103974
67.40000000010676
70.90000000010755
74.75000000010843
78.85000000010936
93.22500000011263
104.85000000011527
11.200000000099898
20.85000000009935
22.550000000099253
24.00000000009917
40.175000000100574
52.35000000010334
55.125000000103974
67.70000000010683
70.92500000010756
78.92500000010938
89.92500000011188
93.40000000011267
105.02500000011531
11.1750000000999
20.82500000009935
22.42500000009926
23.950000000099173
40.050000000100546
55.125000000103974
67.25000000010672
70.95000000010756
78.92500000010938
93.05000000011259
104.80000000011526
11.225000000099897
20.800000000099352
22.40000000009926
23.975000000099172
40.175000000100574
55.20000000010399
67.35000000010675
70.80000000010753
78.92500000010938
93.20000000011262
104.77500000011526
11.100000000099904
20.800000000099352
22.45000000009926
23.975000000099172
40.15000000010057
55.15000000010398
67.40000000010676
70.90000000010755
78.90000000010937
93.20000000011262
104.90000000011528
11.1750000000999
20.82500000009935
22.525000000099254
24.00000000009917
40.12500000010056
55.125000000103974
67.35000000010675
70.82500000010754
78.92500000010938
93.42500000011268
104.82500000011527
11.050000000099907
20.800000000099352
22.40000000009926
23.950000000099173
39.875000000100506
55.15000000010398
67.25000000010672
70.92500000010756
92.92500000011256
104.65000000011523
11.250000000099895
20.775000000099354
22.42500000009926
24.00000000009917
40.12500000010056
55.125000000103974
67.27500000010673
70.80000000010753
78.92500000010938
93.37500000011266
104.75000000011525
11.200000000099898
20.875000000099348
22.550000000099253
24.050000000099168
40.25000000010059
55.30000000010401
67.62500000010681
70.92500000010756
79.0000000001094
89.95000000011188
93.47500000011269
105.32500000011538
11.200000000099898
20.875000000099348
22.57500000009925
24.050000000099168
40.12500000010056
52.42500000010336
55.175000000103985
67.85000000010686
71.0750000001076
74.75000000010843
78.92500000010938
89.92500000011188
93.5250000001127
105.27500000011537
118.50000000011838
11.1500000000999
20.82500000009935
22.45000000009926
23.950000000099173
39.95000000010052
55.10000000010397
67.25000000010672
70.82500000010754
93.17500000011262
104.80000000011526
11.250000000099895
20.85000000009935
22.475000000099257
24.02500000009917
40.10000000010056
55.15000000010398
67.42500000010676
70.90000000010755
78.97500000010939
89.90000000011187
93.35000000011266
104.9500000001153
11.1750000000999
20.775000000099354
22.350000000099264
23.950000000099173
40.050000000100546
55.10000000010397
67.1750000001067
70.90000000010755
93.05000000011259
104.72500000011524
11.200000000099898
20.800000000099352
22.45000000009926
24.00000000009917
40.12500000010056
55.125000000103974
67.30000000010673
70.87500000010755
78.92500000010938
93.35000000011266
104.85000000011527
11.200000000099898
20.800000000099352
22.40000000009926
24.00000000009917
40.12500000010056
55.175000000103985
67.47500000010677
70.77500000010753
78.97500000010939
93.25000000011264
104.90000000011528
11.250000000099895
20.775000000099354
22.375000000099263
23.975000000099172
40.02500000010054
55.10000000010397
67.05000000010668
70.82500000010754
92.95000000011257
104.70000000011524
11.275000000099894
20.800000000099352
22.45000000009926
24.050000000099168
40.20000000010058
55.250000000104
67.52500000010679
70.87500000010755
93.40000000011267
105.0000000001153
11.200000000099898
20.82500000009935
22.42500000009926
23.975000000099172
40.10000000010056
55.20000000010399
67.45000000010677
70.95000000010756
78.95000000010938
93.27500000011264
104.92500000011529
11.200000000099898
20.875000000099348
22.57500000009925
24.02500000009917
40.175000000100574
55.125000000103974
67.6000000001068
70.95000000010756
74.72500000010842
78.92500000010938
89.87500000011187
93.40000000011267
105.25000000011536
11.1750000000999
20.875000000099348
22.550000000099253
24.02500000009917
40.10000000010056
55.175000000103985
67.42500000010676
70.95000000010756
78.90000000010937
93.22500000011263
104.80000000011526
11.200000000099898
20.65000000009936
23.900000000099176
39.77500000010048
55.125000000103974
66.85000000010663
70.6500000001075
92.6500000001125
11.200000000099898
20.82500000009935
22.475000000099257
24.00000000009917
40.07500000010055
55.15000000010398
67.32500000010674
70.87500000010755
78.95000000010938
93.27500000011264
104.9500000001153
11.225000000099897
20.875000000099348
22.500000000099256
24.02500000009917
40.15000000010057
55.20000000010399
67.50000000010678
70.90000000010755
78.95000000010938
93.37500000011266
104.9750000001153
11.200000000099898
20.82500000009935
22.45000000009926
23.975000000099172
40.15000000010057
55.20000000010399
67.45000000010677
70.85000000010754
78.90000000010937
93.27500000011264
104.90000000011528
11.125000000099902
20.85000000009935
22.57500000009925
24.02500000009917
40.12500000010056
51.925000000103246
55.10000000010397
67.77500000010684
70.97500000010757
74.70000000010842
78.95000000010938
89.97500000011189
93.40000000011267
105.15000000011534
118.42500000011836
11.1750000000999
20.900000000099347
22.57500000009925
24.050000000099168
40.12500000010056
52.12500000010329
55.125000000103974
67.62500000010681
71.00000000010758
74.77500000010843
78.95000000010938
89.87500000011187
93.45000000011268
105.27500000011537
11.225000000099897
20.85000000009935
22.550000000099253
24.050000000099168
40.10000000010056
55.250000000104
67.45000000010677
70.87500000010755
78.95000000010938
93.42500000011268
105.05000000011532
11.1750000000999
20.800000000099352
22.375000000099263
23.975000000099172
40.02500000010054
55.15000000010398
67.30000000010673
71.05000000010759
93.05000000011259
104.75000000011525
11.1750000000999
20.82500000009935
22.500000000099256
24.02500000009917
40.02500000010054
55.175000000103985
67.47500000010677
70.92500000010756
78.95000000010938
89.85000000011186
93.30000000011265
104.90000000011528
11.250000000099895
20.85000000009935
22.550000000099253
24.050000000099168
40.15000000010057
52.32500000010334
55.175000000103985
67.72500000010683
70.95000000010756
79.0000000001094
89.92500000011188
93.37500000011266
105.10000000011533
11.1500000000999
20.82500000009935
22.525000000099254
24.00000000009917
40.050000000100546
55.175000000103985
67.50000000010678
70.92500000010756
78.90000000010937
93.25000000011264
104.90000000011528
11.200000000099898
20.900000000099347
22.650000000099247
24.075000000099166
40.225000000100586
55.175000000103985
67.52500000010679
70.97500000010757
74.80000000010844
78.95000000010938
89.82500000011186
93.27500000011264
104.87500000011528
11.250000000099895
20.775000000099354
22.40000000009926
24.02500000009917
40.175000000100574
55.20000000010399
67.07500000010668
70.85000000010754
92.77500000011253
104.62500000011522
11.200000000099898
20.82500000009935
22.45000000009926
24.02500000009917
40.15000000010057
55.15000000010398
67.40000000010676
70.87500000010755
79.0000000001094
93.37500000011266
104.92500000011529
11.100000000099904
20.82500000009935
22.42500000009926
23.925000000099175
40.000000000100535
55.10000000010397
67.37500000010675
70.80000000010753
78.85000000010936
93.25000000011264
104.87500000011528
11.225000000099897
20.82500000009935
22.42500000009926
24.00000000009917
40.000000000100535
55.20000000010399
67.35000000010675
71.02500000010758
78.92500000010938
93.15000000011261
104.85000000011527
11.1750000000999
20.82500000009935
22.475000000099257
24.00000000009917
40.20000000010058
55.175000000103985
67.37500000010675
70.95000000010756
78.90000000010937
93.25000000011264
104.9500000001153
11.200000000099898
20.85000000009935
22.475000000099257
24.02500000009917
40.12500000010056
55.15000000010398
67.35000000010675
70.85000000010754
78.95000000010938
93.37500000011266
104.82500000011527
11.1500000000999
20.82500000009935
22.525000000099254
24.00000000009917
40.02500000010054
55.175000000103985
67.35000000010675
70.87500000010755
78.87500000010937
93.27500000011264
104.92500000011529
11.125000000099902
20.875000000099348
22.525000000099254
24.00000000009917
40.15000000010057
52.00000000010326
55.10000000010397
67.6000000001068
71.00000000010758
74.75000000010843
78.90000000010937
89.90000000011187
93.37500000011266
105.12500000011534
118.45000000011837
11.1750000000999
20.82500000009935
22.42500000009926
23.975000000099172
40.07500000010055
55.125000000103974
67.32500000010674
70.80000000010753
78.95000000010938
93.42500000011268
105.05000000011532
11.225000000099897
20.800000000099352
22.42500000009926
24.00000000009917
40.12500000010056
55.175000000103985
67.40000000010676
70.92500000010756
74.70000000010842
78.92500000010938
93.37500000011266
104.87500000011528
11.075000000099905
20.900000000099347
22.60000000009925
39.97500000010053
52.32500000010334
55.10000000010397
67.62500000010681
70.97500000010757
74.85000000010845
78.87500000010937
89.92500000011188
93.32500000011265
105.17500000011535
11.1750000000999
20.85000000009935
22.500000000099256
24.00000000009917
40.07500000010055
55.175000000103985
67.40000000010676
70.90000000010755
74.70000000010842
78.90000000010937
93.40000000011267
104.90000000011528
118.47500000011837
11.225000000099897
20.775000000099354
22.40000000009926
23.975000000099172
39.97500000010053
55.175000000103985
67.27500000010673
71.02500000010758
78.95000000010938
93.05000000011259
104.77500000011526
11.1750000000999
20.85000000009935
22.475000000099257
24.00000000009917
40.15000000010057
55.15000000010398
67.40000000010676
70.90000000010755
74.70000000010842
78.90000000010937
93.32500000011265
104.82500000011527
11.250000000099895
20.85000000009935
22.475000000099257
24.02500000009917
40.25000000010059
55.30000000010401
67.50000000010678
70.85000000010754
79.0000000001094
93.42500000011268
104.92500000011529
11.1500000000999
20.775000000099354
22.375000000099263
23.950000000099173
40.02500000010054
55.10000000010397
67.1750000001067
70.95000000010756
78.90000000010937
93.0750000001126
104.70000000011524
11.250000000099895
20.775000000099354
22.45000000009926
24.00000000009917
40.15000000010057
67.5750000001068
70.82500000010754
79.0000000001094
93.42500000011268
105.12500000011534
11.250000000099895
20.85000000009935
22.500000000099256
24.02500000009917
40.10000000010056
55.175000000103985
67.50000000010678
70.95000000010756
78.95000000010938
93.42500000011268
105.25000000011536
11.1750000000999
20.85000000009935
22.525000000099254
24.02500000009917
40.07500000010055
55.15000000010398
67.75000000010684
70.97500000010757
74.82500000010845
78.92500000010938
89.95000000011188
93.30000000011265
104.9750000001153
11.225000000099897
20.775000000099354
22.40000000009926
24.00000000009917
40.12500000010056
55.250000000104
67.47500000010677
70.90000000010755
78.97500000010939
93.47500000011269
105.02500000011531
11.1750000000999
20.875000000099348
22.550000000099253
24.050000000099168
40.175000000100574
52.400000000103354
55.20000000010399
67.90000000010687
71.0750000001076
74.92500000010847
78.97500000010939
90.0250000001119
93.42500000011268
105.22500000011536
11.1750000000999
20.85000000009935
22.60000000009925
24.050000000099168
40.10000000010056
55.15000000010398
67.67500000010682
70.92500000010756
74.77500000010843
78.97500000010939
89.90000000011187
93.40000000011267
105.27500000011537
11.1500000000999
20.750000000099355
22.325000000099266
23.950000000099173
39.97500000010053
55.175000000103985
67.05000000010668
70.80000000010753
92.90000000011256
104.57500000011521
11.1500000000999
20.900000000099347
22.62500000009925
24.02500000009917
40.12500000010056
52.35000000010334
55.10000000010397
67.85000000010686
71.05000000010759
74.77500000010843
78.95000000010938
89.95000000011188
93.45000000011268
105.35000000011539
118.42500000011836
11.225000000099897
20.750000000099355
22.375000000099263
23.975000000099172
39.95000000010052
55.125000000103974
67.1750000001067
70.95000000010756
93.25000000011264
104.87500000011528
11.1500000000999
20.82500000009935
22.45000000009926
23.975000000099172
40.07500000010055
55.07500000010396
67.40000000010676
70.90000000010755
78.92500000010938
93.40000000011267
105.12500000011534
11.1500000000999
20.82500000009935
22.45000000009926
24.00000000009917
40.15000000010057
67.40000000010676
70.92500000010756
78.92500000010938
93.32500000011265
104.90000000011528
11.100000000099904
20.750000000099355
22.350000000099264
23.925000000099175
39.875000000100506
55.10000000010397
67.02500000010667
70.77500000010753
93.00000000011258
104.62500000011522
11.250000000099895
20.775000000099354
22.375000000099263
24.00000000009917
40.10000000010056
55.15000000010398
67.1250000001067
70.82500000010754
92.95000000011257
104.72500000011524
11.225000000099897
20.85000000009935
22.525000000099254
24.02500000009917
40.10000000010056
55.15000000010398
67.20000000010671
70.80000000010753
78.92500000010938
93.22500000011263
104.75000000011525
11.275000000099894
20.700000000099358
22.25000000009927
23.950000000099173
40.000000000100535
55.15000000010398
66.97500000010666
70.77500000010753
92.77500000011253
104.60000000011522
11.200000000099898
20.800000000099352
22.40000000009926
23.975000000099172
40.12500000010056
55.175000000103985
67.30000000010673
71.05000000010759
78.90000000010937
93.27500000011264
104.92500000011529
11.1500000000999
20.82500000009935
22.45000000009926
24.00000000009917
40.07500000010055
55.175000000103985
67.37500000010675
70.85000000010754
78.97500000010939
93.37500000011266
104.90000000011528
11.1750000000999
20.800000000099352
22.350000000099264
23.975000000099172
40.02500000010054
55.15000000010398
67.30000000010673
70.90000000010755
93.25000000011264
105.05000000011532
11.225000000099897
20.82500000009935
22.500000000099256
24.02500000009917
40.12500000010056
55.20000000010399
67.35000000010675
70.85000000010754
78.97500000010939
93.27500000011264
104.85000000011527
11.250000000099895
20.750000000099355
23.950000000099173
39.97500000010053
55.125000000103974
66.95000000010666
70.6500000001075
92.6500000001125
11.125000000099902
20.725000000099357
22.300000000099267
23.900000000099176
39.97500000010053
55.05000000010396
67.1750000001067
71.02500000010758
93.05000000011259
104.65000000011523
11.1500000000999
20.875000000099348
22.62500000009925
24.075000000099166
40.10000000010056
55.15000000010398
67.6000000001068
71.00000000010758
74.82500000010845
79.0000000001094
89.92500000011188
93.30000000011265
105.05000000011532
11.225000000099897
20.775000000099354
22.42500000009926
24.00000000009917
40.12500000010056
55.15000000010398
67.30000000010673
71.15000000010761
78.97500000010939
93.30000000011265
104.77500000011526
11.250000000099895
20.775000000099354
22.40000000009926
24.00000000009917
40.10000000010056
55.20000000010399
67.20000000010671
70.77500000010753
78.95000000010938
93.45000000011268
104.9500000001153
118.47500000011837
11.1500000000999
20.800000000099352
22.40000000009926
23.975000000099172
40.000000000100535
55.125000000103974
67.37500000010675
70.92500000010756
93.1000000001126
104.87500000011528
11.250000000099895
20.800000000099352
22.42500000009926
24.02500000009917
40.12500000010056
55.20000000010399
67.37500000010675
70.95000000010756
78.95000000010938
93.27500000011264
104.77500000011526
11.1500000000999
20.750000000099355
22.325000000099266
23.925000000099175
39.95000000010052
55.10000000010397
67.20000000010671
70.87500000010755
92.92500000011256
104.67500000011523
11.275000000099894
20.800000000099352
22.550000000099253
24.075000000099166
40.10000000010056
55.175000000103985
67.32500000010674
70.85000000010754
78.97500000010939
93.35000000011266
104.90000000011528
118.50000000011838
11.1500000000999
20.875000000099348
22.60000000009925
24.050000000099168
39.95000000010052
55.20000000010399
67.37500000010675
70.92500000010756
78.90000000010937
93.30000000011265
104.85000000011527
11.225000000099897
20.82500000009935
22.40000000009926
24.00000000009917
40.10000000010056
55.15000000010398
67.20000000010671
70.82500000010754
93.35000000011266
104.90000000011528
11.1750000000999
20.750000000099355
22.375000000099263
23.950000000099173
39.90000000010051
55.07500000010396
67.05000000010668
70.80000000010753
92.92500000011256
104.70000000011524
11.200000000099898
20.85000000009935
22.475000000099257
24.00000000009917
40.07500000010055
55.175000000103985
67.40000000010676
70.92500000010756
78.90000000010937
93.37500000011266
105.20000000011535
11.125000000099902
20.800000000099352
22.42500000009926
23.950000000099173
40.02500000010054
55.10000000010397
67.22500000010672
70.82500000010754
78.90000000010937
93.27500000011264
104.9500000001153
11.100000000099904
20.85000000009935
22.500000000099256
23.950000000099173
40.10000000010056
52.32500000010334
55.07500000010396
67.5750000001068
70.87500000010755
78.90000000010937
90.07500000011191
93.32500000011265
105.17500000011535
11.100000000099904
20.82500000009935
22.62500000009925
24.050000000099168
40.000000000100535
55.15000000010398
67.47500000010677
70.95000000010756
78.90000000010937
93.37500000011266
104.80000000011526
11.1500000000999
20.750000000099355
22.350000000099264
23.925000000099175
40.02500000010054
55.07500000010396
67.27500000010673
70.80000000010753
78.87500000010937
93.22500000011263
104.92500000011529
11.275000000099894
20.85000000009935
22.475000000099257
24.02500000009917
40.175000000100574
51.97500000010326
55.225000000104
67.6000000001068
71.00000000010758
74.77500000010843
78.97500000010939
89.82500000011186
93.5250000001127
105.20000000011535
118.52500000011838
11.275000000099894
20.82500000009935
22.500000000099256
24.050000000099168
40.175000000100574
55.27500000010401
67.42500000010676
70.82500000010754
78.97500000010939
93.45000000011268
104.9500000001153
11.250000000099895
20.82500000009935
22.40000000009926
24.00000000009917
40.12500000010056
55.175000000103985
67.37500000010675
70.72500000010751
78.95000000010938
93.22500000011263
104.70000000011524
118.50000000011838
11.225000000099897
20.85000000009935
22.525000000099254
24.075000000099166
40.20000000010058
55.225000000104
67.47500000010677
70.92500000010756
78.97500000010939
93.40000000011267
105.0000000001153
11.225000000099897
20.750000000099355
22.42500000009926
23.975000000099172
39.97500000010053
55.10000000010397
67.10000000010669
70.80000000010753
92.92500000011256
104.67500000011523
11.200000000099898
20.82500000009935
22.45000000009926
24.00000000009917
40.050000000100546
55.175000000103985
67.30000000010673
70.92500000010756
78.97500000010939
93.30000000011265
104.90000000011528
11.100000000099904
20.775000000099354
22.40000000009926
23.950000000099173
39.92500000010052
55.10000000010397
67.37500000010675
70.85000000010754
78.90000000010937
93.32500000011265
104.82500000011527
11.225000000099897
20.800000000099352
22.375000000099263
24.00000000009917
40.15000000010057
55.20000000010399
67.42500000010676
70.85000000010754
74.75000000010843
78.95000000010938
93.30000000011265
104.87500000011528
11.1500000000999
20.900000000099347
22.650000000099247
24.050000000099168
40.10000000010056
55.10000000010397
67.5750000001068
70.97500000010757
74.72500000010842
78.95000000010938
93.47500000011269
105.22500000011536
118.47500000011837
11.250000000099895
20.800000000099352
22.375000000099263
24.00000000009917
40.12500000010056
55.20000000010399
67.35000000010675
70.87500000010755
78.97500000010939
93.42500000011268
105.07500000011532
11.200000000099898
20.85000000009935
22.475000000099257
24.02500000009917
40.10000000010056
55.225000000104
67.37500000010675
70.87500000010755
78.97500000010939
93.40000000011267
105.0000000001153
11.200000000099898
20.775000000099354
22.40000000009926
23.975000000099172
40.050000000100546
55.20000000010399
67.37500000010675
70.85000000010754
93.22500000011263
104.9500000001153
11.200000000099898
20.775000000099354
22.40000000009926
23.975000000099172
39.97500000010053
55.20000000010399
67.35000000010675
70.92500000010756
78.90000000010937
93.20000000011262
104.80000000011526
11.200000000099898
20.800000000099352
22.40000000009926
23.975000000099172
40.050000000100546
55.175000000103985
67.42500000010676
70.95000000010756
78.90000000010937
93.20000000011262
104.87500000011528
11.1750000000999
20.800000000099352
22.40000000009926
23.950000000099173
40.10000000010056
55.175000000103985
67.42500000010676
70.85000000010754
78.95000000010938
93.32500000011265
104.77500000011526
11.200000000099898
20.82500000009935
22.500000000099256
24.00000000009917
40.10000000010056
55.20000000010399
67.37500000010675
70.82500000010754
78.90000000010937
93.37500000011266
104.90000000011528
11.200000000099898
20.85000000009935
22.475000000099257
24.02500000009917
40.175000000100574
55.250000000104
67.6000000001068
71.00000000010758
78.97500000010939
89.95000000011188
93.42500000011268
105.15000000011534
118.47500000011837
11.250000000099895
20.82500000009935
22.42500000009926
24.02500000009917
40.10000000010056
55.225000000104
67.52500000010679
70.92500000010756
74.80000000010844
78.95000000010938
89.82500000011186
93.32500000011265
105.12500000011534
11.200000000099898
20.750000000099355
22.325000000099266
23.975000000099172
40.000000000100535
55.175000000103985
67.30000000010673
70.97500000010757
79.0000000001094
92.92500000011256
104.67500000011523
11.1750000000999
20.82500000009935
22.42500000009926
23.975000000099172
40.07500000010055
55.15000000010398
67.40000000010676
70.92500000010756
74.70000000010842
78.90000000010937
89.80000000011185
93.20000000011262
104.77500000011526
11.125000000099902
20.82500000009935
22.525000000099254
24.02500000009917
40.20000000010058
55.175000000103985
67.65000000010681
70.97500000010757
78.92500000010938
93.37500000011266
105.02500000011531
11.1500000000999
20.800000000099352
22.42500000009926
23.950000000099173
39.95000000010052
55.10000000010397
67.27500000010673
70.80000000010753
78.90000000010937
93.27500000011264
104.9750000001153
11.275000000099894
20.82500000009935
22.525000000099254
24.050000000099168
40.25000000010059
55.225000000104
67.42500000010676
70.87500000010755
79.0000000001094
93.30000000011265
104.90000000011528
11.225000000099897
20.82500000009935
22.475000000099257
24.050000000099168
40.175000000100574
55.250000000104
67.42500000010676
70.95000000010756
79.0000000001094
93.40000000011267
104.87500000011528
11.1750000000999
20.800000000099352
22.40000000009926
23.975000000099172
40.050000000100546
55.15000000010398
67.10000000010669
70.82500000010754
93.40000000011267
104.67500000011523
11.200000000099898
20.82500000009935
22.42500000009926
24.00000000009917
40.050000000100546
55.15000000010398
67.22500000010672
71.00000000010758
93.00000000011258
104.72500000011524
11.1500000000999
20.800000000099352
22.42500000009926
23.950000000099173
40.050000000100546
55.15000000010398
67.27500000010673
70.85000000010754
93.22500000011263
104.85000000011527
11.1500000000999
20.82500000009935
22.500000000099256
24.00000000009917
40.07500000010055
55.125000000103974
67.30000000010673
70.77500000010753
78.90000000010937
93.15000000011261
104.75000000011525
11.100000000099904
20.775000000099354
22.40000000009926
23.950000000099173
40.07500000010055
55.10000000010397
67.1500000001067
70.90000000010755
78.90000000010937
93.00000000011258
104.67500000011523
11.250000000099895
20.82500000009935
22.475000000099257
24.00000000009917
40.15000000010057
55.20000000010399
67.40000000010676
70.85000000010754
74.72500000010842
78.95000000010938
93.40000000011267
105.0000000001153
11.250000000099895
20.800000000099352
22.45000000009926
24.00000000009917
40.175000000100574
55.225000000104
67.40000000010676
70.87500000010755
78.97500000010939
93.40000000011267
104.90000000011528
11.250000000099895
20.800000000099352
22.375000000099263
23.975000000099172
40.10000000010056
55.225000000104
67.32500000010674
70.85000000010754
78.95000000010938
93.25000000011264
104.82500000011527
118.55000000011839
11.1750000000999
20.82500000009935
22.42500000009926
23.975000000099172
40.000000000100535
55.125000000103974
67.1750000001067
70.92500000010756
92.97500000011257
104.70000000011524
11.225000000099897
20.82500000009935
22.42500000009926
24.00000000009917
40.10000000010056
55.20000000010399
67.27500000010673
70.85000000010754
78.92500000010938
93.42500000011268
105.0000000001153
11.200000000099898
20.725000000099357
22.325000000099266
23.975000000099172
40.050000000100546
55.125000000103974
67.22500000010672
70.92500000010756
93.02500000011258
104.80000000011526
11.225000000099897
20.800000000099352
22.40000000009926
24.00000000009917
40.07500000010055
55.20000000010399
67.40000000010676
70.87500000010755
78.97500000010939
93.35000000011266
104.90000000011528
11.1500000000999
20.85000000009935
22.475000000099257
24.00000000009917
40.15000000010057
55.175000000103985
67.42500000010676
70.87500000010755
78.90000000010937
93.37500000011266
105.0000000001153
11.225000000099897
20.800000000099352
22.42500000009926
24.02500000009917
40.15000000010057
55.175000000103985
67.37500000010675
70.72500000010751
93.32500000011265
104.67500000011523
11.075000000099905
20.85000000009935
22.500000000099256
23.975000000099172
40.10000000010056
52.02500000010327
55.05000000010396
67.50000000010678
70.90000000010755
74.67500000010841
78.90000000010937
89.75000000011184
93.40000000011267
105.0000000001153
11.225000000099897
20.85000000009935
22.57500000009925
24.050000000099168
40.10000000010056
55.20000000010399
67.47500000010677
70.95000000010756
74.70000000010842
78.95000000010938
89.85000000011186
93.47500000011269
105.05000000011532
118.50000000011838
11.1500000000999
20.800000000099352
22.45000000009926
23.950000000099173
40.050000000100546
55.125000000103974
67.30000000010673
70.85000000010754
78.92500000010938
93.37500000011266
104.87500000011528
11.200000000099898
20.775000000099354
22.350000000099264
23.950000000099173
39.97500000010053
55.10000000010397
67.1250000001067
70.82500000010754
93.05000000011259
104.5500000001152
11.125000000099902
20.750000000099355
23.900000000099176
39.90000000010051
55.07500000010396
67.07500000010668
70.85000000010754
93.1000000001126
104.90000000011528
11.1750000000999
20.85000000009935
22.500000000099256
24.00000000009917
40.175000000100574
55.15000000010398
67.50000000010678
70.85000000010754
78.95000000010938
93.32500000011265
105.02500000011531
11.200000000099898
20.875000000099348
22.525000000099254
24.050000000099168
40.25000000010059
55.225000000104
67.6000000001068
70.90000000010755
74.70000000010842
78.97500000010939
89.82500000011186
93.40000000011267
105.02500000011531
118.52500000011838
11.1750000000999
20.82500000009935
22.42500000009926
24.00000000009917
40.12500000010056
55.20000000010399
67.52500000010679
70.97500000010757
74.72500000010842
78.92500000010938
89.80000000011185
93.30000000011265
105.0000000001153
11.125000000099902
20.800000000099352
22.375000000099263
23.975000000099172
40.02500000010054
55.125000000103974
67.35000000010675
70.85000000010754
93.17500000011262
104.75000000011525
11.1750000000999
20.82500000009935
22.475000000099257
24.02500000009917
40.12500000010056
55.175000000103985
67.37500000010675
70.90000000010755
78.95000000010938
93.37500000011266
104.9750000001153
11.200000000099898
20.750000000099355
22.350000000099264
23.975000000099172
39.97500000010053
55.15000000010398
67.25000000010672
70.90000000010755
93.05000000011259
104.67500000011523
11.075000000099905
20.875000000099348
22.57500000009925
24.02500000009917
40.07500000010055
52.12500000010329
55.125000000103974
67.62500000010681
71.00000000010758
78.90000000010937
89.92500000011188
93.37500000011266
105.22500000011536
11.200000000099898
20.85000000009935
22.500000000099256
24.050000000099168
40.225000000100586
55.20000000010399
67.45000000010677
70.90000000010755
78.95000000010938
93.40000000011267
105.17500000011535
11.200000000099898
20.925000000099345
22.62500000009925
24.075000000099166
40.12500000010056
52.32500000010334
55.175000000103985
67.67500000010682
71.00000000010758
74.77500000010843
78.97500000010939
90.0000000001119
93.5250000001127
105.32500000011538
118.47500000011837
11.200000000099898
20.725000000099357
22.325000000099266
23.950000000099173
40.02500000010054
55.10000000010397
66.97500000010666
70.70000000010751
92.97500000011257
104.57500000011521
11.050000000099907
20.82500000009935
22.40000000009926
23.900000000099176
40.000000000100535
55.05000000010396
67.1500000001067
70.85000000010754
93.1000000001126
104.70000000011524
11.1750000000999
20.775000000099354
22.45000000009926
23.975000000099172
40.10000000010056
55.20000000010399
67.50000000010678
70.87500000010755
74.70000000010842
78.90000000010937
89.70000000011183
93.30000000011265
104.77500000011526
11.1750000000999
20.82500000009935
22.45000000009926
23.975000000099172
40.12500000010056
55.175000000103985
67.45000000010677
70.87500000010755
78.87500000010937
93.30000000011265
104.9750000001153
11.300000000099892
20.800000000099352
22.42500000009926
24.050000000099168
40.02500000010054
55.225000000104
67.37500000010675
70.85000000010754
74.6500000001084
78.95000000010938
93.35000000011266
104.75000000011525
11.1750000000999
20.875000000099348
22.57500000009925
24.02500000009917
40.175000000100574
52.100000000103286
55.15000000010398
67.85000000010686
71.02500000010758
74.80000000010844
78.97500000010939
89.90000000011187
93.45000000011268
105.12500000011534
118.47500000011837
11.225000000099897
20.82500000009935
22.500000000099256
24.050000000099168
40.175000000100574
52.20000000010331
55.175000000103985
67.50000000010678
71.02500000010758
78.95000000010938
93.42500000011268
105.15000000011534
118.52500000011838
11.100000000099904
20.82500000009935
22.42500000009926
23.925000000099175
39.90000000010051
55.07500000010396
67.25000000010672
70.85000000010754
93.22500000011263
104.82500000011527
11.275000000099894
20.85000000009935
22.550000000099253
24.075000000099166
40.175000000100574
55.250000000104
67.6000000001068
70.95000000010756
74.70000000010842
79.0250000001094
93.50000000011269
105.32500000011538
118.52500000011838
11.200000000099898
20.875000000099348
22.475000000099257
24.00000000009917
40.15000000010057
55.125000000103974
67.40000000010676
70.87500000010755
78.95000000010938
93.35000000011266
104.80000000011526
11.1500000000999
20.775000000099354
22.350000000099264
23.950000000099173
40.10000000010056
55.125000000103974
67.25000000010672
70.82500000010754
78.90000000010937
93.20000000011262
104.80000000011526
11.250000000099895
20.82500000009935
22.475000000099257
24.02500000009917
40.12500000010056
55.20000000010399
67.40000000010676
70.70000000010751
78.97500000010939
93.27500000011264
104.87500000011528
11.225000000099897
20.800000000099352
22.45000000009926
24.02500000009917
40.050000000100546
55.225000000104
67.50000000010678
70.90000000010755
79.0000000001094
93.47500000011269
105.07500000011532
11.250000000099895
20.750000000099355
22.325000000099266
23.975000000099172
40.000000000100535
55.15000000010398
67.00000000010667
70.80000000010753
92.85000000011254
104.62500000011522
11.1500000000999
20.925000000099345
22.675000000099246
24.075000000099166
40.15000000010057
52.12500000010329
55.15000000010398
67.6000000001068
71.00000000010758
74.72500000010842
78.97500000010939
89.85000000011186
93.47500000011269
105.22500000011536
118.47500000011837
11.075000000099905
20.775000000099354
22.350000000099264
23.950000000099173
39.97500000010053
55.125000000103974
67.27500000010673
70.92500000010756
93.1000000001126
104.80000000011526
11.200000000099898
20.900000000099347
22.57500000009925
24.050000000099168
40.20000000010058
52.35000000010334
55.175000000103985
67.75000000010684
70.90000000010755
74.77500000010843
78.95000000010938
89.92500000011188
93.50000000011269
105.27500000011537
11.125000000099902
20.800000000099352
22.40000000009926
23.975000000099172
40.000000000100535
55.175000000103985
67.47500000010677
70.90000000010755
78.92500000010938
93.27500000011264
104.77500000011526
11.200000000099898
20.82500000009935
22.500000000099256
24.02500000009917
40.20000000010058
55.250000000104
67.52500000010679
70.92500000010756
74.70000000010842
78.92500000010938
93.35000000011266
104.9500000001153
118.52500000011838
11.1750000000999
20.82500000009935
22.525000000099254
24.00000000009917
40.175000000100574
55.175000000103985
67.42500000010676
70.87500000010755
78.90000000010937
93.35000000011266
104.77500000011526
11.225000000099897
20.85000000009935
22.500000000099256
24.050000000099168
40.15000000010057
55.225000000104
67.37500000010675
70.82500000010754
79.0000000001094
93.47500000011269
105.0000000001153
118.47500000011837
11.1500000000999
20.85000000009935
22.57500000009925
24.02500000009917
40.12500000010056
52.225000000103314
55.15000000010398
67.77500000010684
71.02500000010758
74.80000000010844
78.95000000010938
89.92500000011188
93.45000000011268
105.12500000011534
118.45000000011837
11.1750000000999
20.875000000099348
22.57500000009925
24.050000000099168
40.15000000010057
52.35000000010334
55.15000000010398
67.70000000010683
71.02500000010758
74.70000000010842
78.92500000010938
89.90000000011187
93.45000000011268
105.30000000011538
118.45000000011837
11.1750000000999
20.85000000009935
22.60000000009925
24.050000000099168
40.07500000010055
55.225000000104
67.6000000001068
70.92500000010756
78.97500000010939
93.47500000011269
104.9750000001153
11.1500000000999
20.85000000009935
22.475000000099257
23.975000000099172
40.050000000100546
55.175000000103985
67.50000000010678
70.95000000010756
74.80000000010844
78.92500000010938
89.82500000011186
93.30000000011265
105.07500000011532
11.025000000099908
20.775000000099354
22.42500000009926
23.950000000099173
39.95000000010052
55.10000000010397
67.20000000010671
70.95000000010756
93.0750000001126
104.85000000011527
11.1500000000999
20.85000000009935
22.500000000099256
24.02500000009917
40.050000000100546
55.20000000010399
67.40000000010676
70.87500000010755
78.92500000010938
93.25000000011264
104.87500000011528
11.1750000000999
20.925000000099345
22.650000000099247
24.050000000099168
40.12500000010056
55.125000000103974
67.65000000010681
70.85000000010754
74.6500000001084
78.95000000010938
93.5250000001127
105.37500000011539
118.47500000011837
11.1500000000999
20.82500000009935
22.475000000099257
24.00000000009917
40.07500000010055
55.15000000010398
67.67500000010682
70.92500000010756
78.92500000010938
93.20000000011262
104.77500000011526
11.1750000000999
20.900000000099347
22.525000000099254
24.00000000009917
40.15000000010057
55.15000000010398
67.6000000001068
70.92500000010756
78.92500000010938
93.37500000011266
105.02500000011531
11.100000000099904
20.85000000009935
22.475000000099257
23.975000000099172
40.050000000100546
55.250000000104
67.70000000010683
70.85000000010754
78.90000000010937
89.80000000011185
93.32500000011265
105.05000000011532
11.225000000099897
20.82500000009935
22.42500000009926
24.00000000009917
40.12500000010056
55.15000000010398
67.22500000010672
70.80000000010753
93.27500000011264
104.80000000011526
11.1500000000999
20.85000000009935
22.525000000099254
24.02500000009917
40.050000000100546
55.175000000103985
67.40000000010676
70.90000000010755
74.70000000010842
78.90000000010937
93.32500000011265
104.80000000011526
11.200000000099898
20.82500000009935
22.475000000099257
24.00000000009917
40.07500000010055
55.15000000010398
67.37500000010675
70.87500000010755
78.92500000010938
93.22500000011263
104.9500000001153
11.275000000099894
20.800000000099352
22.375000000099263
24.050000000099168
40.12500000010056
55.225000000104
67.30000000010673
70.92500000010756
93.27500000011264
104.9750000001153
