17.375000000099547
34.70000000009933
59.50000000010497
73.57500000010816
87.00000000011121
98.8250000001139
111.65000000011682
122.80000000011935
133.45000000011555
148.27500000010207
17.52500000009954
34.77500000009935
47.85000000010232
59.50000000010497
73.62500000010817
86.80000000011117
98.75000000011389
111.67500000011682
122.77500000011935
133.5000000001155
148.27500000010207
17.425000000099544
34.75000000009934
47.45000000010223
59.42500000010495
73.55000000010816
86.72500000011115
98.85000000011391
111.5750000001168
122.77500000011935
133.52500000011548
148.32500000010202
17.35000000009955
34.725000000099335
47.50000000010224
59.50000000010497
73.52500000010815
86.85000000011118
98.77500000011389
111.60000000011681
122.70000000011933
133.42500000011557
148.2250000001021
17.375000000099547
34.70000000009933
47.90000000010233
59.37500000010494
73.52500000010815
86.90000000011119
98.77500000011389
111.5500000001168
122.75000000011934
133.45000000011555
148.30000000010205
17.50000000009954
34.70000000009933
47.60000000010226
59.47500000010496
73.57500000010816
86.77500000011116
98.75000000011389
111.60000000011681
122.72500000011934
133.42500000011557
148.27500000010207
17.450000000099543
34.725000000099335
47.700000000102285
59.50000000010497
73.55000000010816
86.70000000011115
98.75000000011389
111.60000000011681
122.77500000011935
133.5000000001155
148.2500000001021
17.47500000009954
34.75000000009934
47.67500000010228
59.55000000010498
73.62500000010817
86.97500000011121
98.8000000001139
111.67500000011682
122.82500000011936
133.47500000011553
148.32500000010202
17.425000000099544
34.70000000009933
47.475000000102234
59.47500000010496
73.57500000010816
86.9500000001112
98.8250000001139
111.5750000001168
122.80000000011935
133.57500000011544
148.30000000010205
17.50000000009954
34.725000000099335
59.50000000010497
73.57500000010816
87.12500000011124
98.85000000011391
111.67500000011682
122.75000000011934
133.5000000001155
148.27500000010207
17.375000000099547
34.77500000009935
47.57500000010226
59.50000000010497
73.55000000010816
86.90000000011119
98.87500000011391
111.5750000001168
122.82500000011936
133.52500000011548
148.32500000010202
17.400000000099546
34.725000000099335
47.50000000010224
59.45000000010496
73.50000000010814
86.72500000011115
98.8250000001139
111.5500000001168
122.75000000011934
133.47500000011553
148.2500000001021
17.400000000099546
34.725000000099335
47.475000000102234
59.45000000010496
73.52500000010815
86.77500000011116
98.8000000001139
111.5750000001168
122.77500000011935
133.52500000011548
148.2500000001021
17.375000000099547
34.75000000009934
59.45000000010496
73.55000000010816
86.77500000011116
98.8250000001139
111.5750000001168
122.82500000011936
133.47500000011553
148.30000000010205
17.400000000099546
34.70000000009933
47.80000000010231
59.575000000104986
73.57500000010816
86.75000000011116
98.77500000011389
111.60000000011681
122.72500000011934
133.5000000001155
148.30000000010205
17.450000000099543
34.75000000009934
47.62500000010227
59.525000000104974
73.57500000010816
86.90000000011119
98.8250000001139
111.70000000011683
122.72500000011934
133.4000000001156
148.2500000001021
17.375000000099547
34.725000000099335
47.72500000010229
59.400000000104946
73.52500000010815
87.15000000011125
98.85000000011391
111.5500000001168
122.77500000011935
133.45000000011555
148.30000000010205
17.425000000099544
34.70000000009933
47.62500000010227
59.55000000010498
73.55000000010816
86.65000000011113
98.72500000011388
111.62500000011681
122.67500000011933
133.4000000001156
148.20000000010214
17.47500000009954
34.725000000099335
47.50000000010224
59.50000000010497
73.57500000010816
86.70000000011115
98.8250000001139
111.62500000011681
122.77500000011935
133.5000000001155
148.27500000010207
17.425000000099544
34.70000000009933
47.57500000010226
59.47500000010496
73.55000000010816
86.77500000011116
98.72500000011388
111.60000000011681
122.72500000011934
133.47500000011553
148.20000000010214
17.425000000099544
34.65000000009932
47.45000000010223
59.37500000010494
73.47500000010814
86.65000000011113
98.75000000011389
111.52500000011679
122.70000000011933
133.47500000011553
148.15000000010218
17.425000000099544
34.70000000009933
59.50000000010497
73.57500000010816
87.17500000011125
98.8000000001139
111.65000000011682
122.80000000011935
133.5000000001155
148.2500000001021
17.425000000099544
34.77500000009935
47.42500000010222
59.45000000010496
73.52500000010815
86.70000000011115
98.75000000011389
111.60000000011681
122.75000000011934
133.42500000011557
148.2250000001021
17.375000000099547
34.725000000099335
47.55000000010225
59.47500000010496
73.55000000010816
86.82500000011117
98.8250000001139
111.5750000001168
122.82500000011936
133.55000000011546
148.32500000010202
17.400000000099546
34.75000000009934
47.57500000010226
59.525000000104974
73.55000000010816
86.72500000011115
98.72500000011388
111.5750000001168
122.75000000011934
133.47500000011553
148.2500000001021
17.35000000009955
34.70000000009933
47.50000000010224
59.50000000010497
73.52500000010815
86.67500000011114
98.8250000001139
111.5750000001168
122.75000000011934
133.52500000011548
148.2500000001021
17.47500000009954
34.75000000009934
59.525000000104974
73.60000000010817
98.90000000011392
111.65000000011682
122.87500000011937
133.47500000011553
148.32500000010202
17.425000000099544
34.725000000099335
47.92500000010234
59.525000000104974
73.57500000010816
86.97500000011121
98.85000000011391
111.65000000011682
122.77500000011935
133.55000000011546
148.32500000010202
17.35000000009955
34.725000000099335
47.650000000102274
59.50000000010497
73.55000000010816
86.80000000011117
98.72500000011388
111.5500000001168
122.72500000011934
133.47500000011553
148.27500000010207
17.47500000009954
34.77500000009935
47.95000000010234
59.55000000010498
73.60000000010817
98.85000000011391
111.67500000011682
122.82500000011936
133.55000000011546
148.32500000010202
17.450000000099543
34.80000000009935
47.825000000102314
59.45000000010496
73.60000000010817
87.17500000011125
98.8000000001139
111.5750000001168
122.85000000011937
133.5000000001155
148.40000000010195
17.425000000099544
34.725000000099335
48.12500000010238
59.575000000104986
73.60000000010817
86.87500000011119
98.8000000001139
111.62500000011681
122.82500000011936
133.5000000001155
148.350000000102
17.400000000099546
34.75000000009934
47.62500000010227
59.55000000010498
73.57500000010816
86.85000000011118
98.77500000011389
111.65000000011682
122.80000000011935
133.5000000001155
148.30000000010205
17.400000000099546
34.75000000009934
47.7750000001023
59.50000000010497
73.55000000010816
86.82500000011117
98.8000000001139
111.60000000011681
122.77500000011935
133.5000000001155
148.2500000001021
17.425000000099544
34.725000000099335
47.525000000102246
59.42500000010495
73.52500000010815
86.85000000011118
98.8000000001139
111.5500000001168
122.80000000011935
133.5000000001155
148.32500000010202
17.17500000009956
34.70000000009933
47.50000000010224
59.50000000010497
73.55000000010816
86.75000000011116
98.75000000011389
111.60000000011681
122.75000000011934
133.5000000001155
148.2250000001021
17.400000000099546
34.725000000099335
47.525000000102246
59.47500000010496
73.52500000010815
86.97500000011121
98.8000000001139
111.5750000001168
122.77500000011935
133.47500000011553
148.20000000010214
17.47500000009954
34.75000000009934
47.57500000010226
59.42500000010495
73.57500000010816
86.70000000011115
98.77500000011389
111.60000000011681
122.72500000011934
133.5000000001155
148.30000000010205
17.575000000099536
34.70000000009933
47.50000000010224
59.50000000010497
73.60000000010817
86.67500000011114
98.62500000011386
111.67500000011682
122.60000000011931
133.45000000011555
148.20000000010214
17.50000000009954
34.62500000009931
47.80000000010231
59.50000000010497
73.55000000010816
86.67500000011114
98.62500000011386
111.60000000011681
122.65000000011932
133.45000000011555
148.17500000010216
17.450000000099543
34.725000000099335
47.45000000010223
59.55000000010498
73.55000000010816
86.72500000011115
98.75000000011389
111.65000000011682
122.77500000011935
133.45000000011555
148.20000000010214
17.425000000099544
34.725000000099335
47.62500000010227
59.47500000010496
73.55000000010816
86.77500000011116
98.77500000011389
111.5750000001168
122.70000000011933
133.55000000011546
148.2500000001021
17.47500000009954
34.725000000099335
47.825000000102314
59.525000000104974
73.57500000010816
86.80000000011117
98.77500000011389
111.62500000011681
122.72500000011934
133.5000000001155
148.2500000001021
17.47500000009954
34.77500000009935
47.50000000010224
59.525000000104974
73.60000000010817
86.77500000011116
98.8000000001139
111.60000000011681
122.72500000011934
133.42500000011557
148.30000000010205
17.425000000099544
34.75000000009934
47.525000000102246
59.47500000010496
73.52500000010815
86.75000000011116
98.77500000011389
111.60000000011681
122.75000000011934
133.45000000011555
148.20000000010214
17.375000000099547
34.675000000099324
47.525000000102246
59.50000000010497
73.55000000010816
86.70000000011115
98.72500000011388
111.62500000011681
122.65000000011932
133.42500000011557
148.17500000010216
17.400000000099546
34.75000000009934
47.57500000010226
59.525000000104974
73.57500000010816
86.80000000011117
98.77500000011389
111.65000000011682
122.77500000011935
133.47500000011553
148.2500000001021
17.32500000009955
34.77500000009935
59.525000000104974
73.55000000010816
87.25000000011127
98.85000000011391
111.65000000011682
122.85000000011937
133.52500000011548
148.30000000010205
17.47500000009954
34.75000000009934
47.50000000010224
59.47500000010496
73.55000000010816
87.07500000011123
98.85000000011391
111.5750000001168
122.80000000011935
133.52500000011548
148.32500000010202
17.275000000099553
34.80000000009935
47.7750000001023
59.525000000104974
73.57500000010816
86.90000000011119
98.8250000001139
111.62500000011681
122.75000000011934
133.65000000011537
148.32500000010202
17.400000000099546
34.70000000009933
47.40000000010222
59.37500000010494
73.50000000010814
86.67500000011114
98.75000000011389
111.52500000011679
122.75000000011934
133.47500000011553
148.2250000001021
17.450000000099543
34.675000000099324
47.55000000010225
59.47500000010496
73.55000000010816
86.67500000011114
98.72500000011388
111.60000000011681
122.72500000011934
133.37500000011562
148.2250000001021
17.35000000009955
34.75000000009934
47.57500000010226
59.400000000104946
73.45000000010813
86.72500000011115
98.72500000011388
111.5500000001168
122.72500000011934
133.52500000011548
148.20000000010214
17.375000000099547
34.75000000009934
47.55000000010225
59.50000000010497
73.52500000010815
86.77500000011116
98.72500000011388
111.62500000011681
122.72500000011934
133.45000000011555
148.2250000001021
17.400000000099546
34.75000000009934
47.57500000010226
59.50000000010497
73.60000000010817
86.80000000011117
98.8250000001139
111.65000000011682
122.77500000011935
133.52500000011548
148.32500000010202
17.400000000099546
34.70000000009933
47.475000000102234
59.525000000104974
73.50000000010814
86.67500000011114
98.72500000011388
111.60000000011681
122.70000000011933
133.4000000001156
148.17500000010216
17.35000000009955
34.77500000009935
47.57500000010226
59.45000000010496
73.52500000010815
86.87500000011119
98.77500000011389
111.5500000001168
122.75000000011934
133.55000000011546
148.2250000001021
17.425000000099544
34.75000000009934
47.7500000001023
59.525000000104974
73.57500000010816
86.82500000011117
98.8000000001139
111.62500000011681
122.75000000011934
133.47500000011553
148.27500000010207
17.47500000009954
34.725000000099335
47.650000000102274
59.525000000104974
73.57500000010816
86.87500000011119
98.8000000001139
111.65000000011682
122.82500000011936
133.55000000011546
148.2500000001021
17.32500000009955
34.70000000009933
47.350000000102206
59.42500000010495
73.47500000010814
86.62500000011113
98.77500000011389
111.50000000011678
122.70000000011933
133.47500000011553
148.2500000001021
17.250000000099554
34.75000000009934
59.50000000010497
73.57500000010816
87.4000000001113
98.8000000001139
111.62500000011681
122.72500000011934
133.57500000011544
148.27500000010207
17.450000000099543
34.65000000009932
59.45000000010496
73.55000000010816
86.85000000011118
98.8000000001139
111.62500000011681
122.75000000011934
133.35000000011564
148.27500000010207
17.450000000099543
34.70000000009933
47.45000000010223
59.50000000010497
73.52500000010815
86.67500000011114
98.77500000011389
111.60000000011681
122.67500000011933
133.47500000011553
148.17500000010216
17.400000000099546
34.70000000009933
47.475000000102234
59.42500000010495
73.52500000010815
86.85000000011118
98.77500000011389
111.60000000011681
122.70000000011933
133.42500000011557
148.2250000001021
17.425000000099544
34.725000000099335
47.57500000010226
59.525000000104974
73.55000000010816
86.85000000011118
98.8250000001139
111.60000000011681
122.77500000011935
133.45000000011555
148.27500000010207
17.400000000099546
34.70000000009933
47.60000000010226
59.50000000010497
73.52500000010815
86.70000000011115
98.8000000001139
111.5500000001168
122.75000000011934
133.42500000011557
148.2250000001021
17.450000000099543
34.70000000009933
47.525000000102246
59.45000000010496
73.57500000010816
86.85000000011118
98.77500000011389
111.62500000011681
122.80000000011935
133.47500000011553
148.27500000010207
17.35000000009955
34.80000000009935
59.525000000104974
73.55000000010816
86.80000000011117
98.8000000001139
111.62500000011681
122.75000000011934
133.60000000011541
148.27500000010207
17.450000000099543
34.725000000099335
59.50000000010497
73.60000000010817
87.05000000011123
98.77500000011389
111.70000000011683
122.77500000011935
133.52500000011548
148.27500000010207
17.450000000099543
34.70000000009933
47.55000000010225
59.47500000010496
73.52500000010815
86.67500000011114
98.72500000011388
111.65000000011682
122.65000000011932
133.32500000011566
148.15000000010218
17.425000000099544
34.70000000009933
47.7500000001023
59.525000000104974
73.55000000010816
86.85000000011118
98.77500000011389
111.67500000011682
122.77500000011935
133.5000000001155
148.2500000001021
17.425000000099544
34.70000000009933
47.72500000010229
59.45000000010496
73.50000000010814
86.72500000011115
98.75000000011389
111.60000000011681
122.72500000011934
133.45000000011555
148.17500000010216
17.375000000099547
34.60000000009931
47.475000000102234
59.50000000010497
73.50000000010814
86.57500000011112
98.67500000011387
111.60000000011681
122.70000000011933
133.47500000011553
148.17500000010216
17.450000000099543
34.70000000009933
47.72500000010229
59.47500000010496
73.60000000010817
86.90000000011119
98.77500000011389
111.65000000011682
122.80000000011935
133.55000000011546
148.30000000010205
17.375000000099547
34.77500000009935
47.60000000010226
59.55000000010498
73.57500000010816
86.77500000011116
98.75000000011389
111.65000000011682
122.77500000011935
133.52500000011548
148.30000000010205
17.450000000099543
34.70000000009933
47.525000000102246
59.45000000010496
73.55000000010816
86.72500000011115
98.70000000011387
111.62500000011681
122.75000000011934
133.4000000001156
148.2250000001021
17.47500000009954
34.725000000099335
59.50000000010497
73.60000000010817
87.50000000011133
98.85000000011391
111.70000000011683
122.77500000011935
133.52500000011548
148.350000000102
17.400000000099546
34.70000000009933
59.42500000010495
73.52500000010815
86.9500000001112
98.8000000001139
111.5750000001168
122.75000000011934
133.37500000011562
148.2500000001021
17.375000000099547
34.725000000099335
48.32500000010243
59.525000000104974
73.55000000010816
86.80000000011117
98.75000000011389
111.60000000011681
122.70000000011933
133.4000000001156
148.27500000010207
17.375000000099547
34.75000000009934
59.47500000010496
73.47500000010814
86.9500000001112
98.8000000001139
111.5750000001168
122.75000000011934
133.42500000011557
148.17500000010216
17.575000000099536
34.75000000009934
59.575000000104986
73.70000000010819
86.97500000011121
98.87500000011391
111.72500000011684
122.85000000011937
133.55000000011546
148.40000000010195
17.450000000099543
34.725000000099335
47.50000000010224
59.42500000010495
73.55000000010816
86.80000000011117
98.8250000001139
111.5750000001168
122.77500000011935
133.5000000001155
148.30000000010205
17.450000000099543
34.70000000009933
47.55000000010225
59.45000000010496
73.50000000010814
86.75000000011116
98.8000000001139
111.5750000001168
122.72500000011934
133.37500000011562
148.17500000010216
17.425000000099544
34.725000000099335
47.45000000010223
59.37500000010494
73.52500000010815
86.67500000011114
98.72500000011388
111.5750000001168
122.62500000011931
133.42500000011557
148.20000000010214
17.375000000099547
34.725000000099335
47.40000000010222
59.42500000010495
73.47500000010814
86.72500000011115
98.77500000011389
111.50000000011678
122.72500000011934
133.5000000001155
148.15000000010218
17.425000000099544
34.75000000009934
47.60000000010226
59.47500000010496
73.50000000010814
86.80000000011117
98.70000000011387
111.5500000001168
122.67500000011933
133.37500000011562
148.20000000010214
17.400000000099546
34.80000000009935
59.55000000010498
73.57500000010816
98.90000000011392
111.62500000011681
122.85000000011937
133.60000000011541
148.32500000010202
17.375000000099547
34.725000000099335
47.50000000010224
59.42500000010495
73.55000000010816
86.75000000011116
98.8000000001139
111.5500000001168
122.75000000011934
133.5000000001155
148.2500000001021
17.575000000099536
34.70000000009933
47.7750000001023
59.50000000010497
73.65000000010818
86.87500000011119
98.77500000011389
111.70000000011683
122.70000000011933
133.52500000011548
148.30000000010205
17.35000000009955
34.65000000009932
47.525000000102246
59.525000000104974
73.55000000010816
86.70000000011115
98.8000000001139
111.60000000011681
122.77500000011935
133.52500000011548
148.27500000010207
17.50000000009954
34.70000000009933
47.7750000001023
59.625000000105
73.57500000010816
86.9500000001112
98.77500000011389
111.67500000011682
122.72500000011934
133.52500000011548
148.2500000001021
17.400000000099546
34.725000000099335
47.650000000102274
59.50000000010497
73.55000000010816
86.90000000011119
98.77500000011389
111.5750000001168
122.72500000011934
133.45000000011555
148.30000000010205
17.47500000009954
34.675000000099324
47.85000000010232
59.50000000010497
73.60000000010817
86.90000000011119
98.75000000011389
111.70000000011683
122.77500000011935
133.52500000011548
148.27500000010207
17.32500000009955
34.725000000099335
47.50000000010224
59.47500000010496
73.52500000010815
86.67500000011114
98.77500000011389
111.62500000011681
122.72500000011934
133.45000000011555
148.2250000001021
17.425000000099544
34.75000000009934
47.650000000102274
59.525000000104974
73.57500000010816
86.77500000011116
98.77500000011389
111.62500000011681
122.70000000011933
133.5000000001155
148.27500000010207
17.275000000099553
34.70000000009933
47.42500000010222
59.30000000010492
73.40000000010812
86.65000000011113
98.75000000011389
111.45000000011677
122.72500000011934
133.42500000011557
148.20000000010214
17.375000000099547
34.75000000009934
47.825000000102314
59.50000000010497
73.57500000010816
86.9250000001112
98.8250000001139
111.5750000001168
122.80000000011935
133.42500000011557
148.30000000010205
17.375000000099547
34.725000000099335
47.650000000102274
59.50000000010497
73.55000000010816
86.77500000011116
98.8250000001139
111.62500000011681
122.77500000011935
133.45000000011555
148.2500000001021
17.47500000009954
34.675000000099324
47.50000000010224
59.525000000104974
73.55000000010816
86.65000000011113
98.72500000011388
111.65000000011682
122.70000000011933
133.4000000001156
148.20000000010214
17.47500000009954
34.75000000009934
47.60000000010226
59.42500000010495
73.57500000010816
86.77500000011116
98.8250000001139
111.60000000011681
122.72500000011934
133.42500000011557
148.30000000010205
17.425000000099544
34.62500000009931
47.40000000010222
59.45000000010496
73.55000000010816
86.62500000011113
98.70000000011387
111.62500000011681
122.67500000011933
133.47500000011553
148.2500000001021
17.375000000099547
34.77500000009935
47.650000000102274
59.575000000104986
73.60000000010817
87.00000000011121
98.85000000011391
111.65000000011682
122.80000000011935
133.55000000011546
148.350000000102
17.400000000099546
34.80000000009935
47.55000000010225
59.525000000104974
73.60000000010817
86.80000000011117
98.87500000011391
111.62500000011681
122.85000000011937
133.52500000011548
148.350000000102
17.50000000009954
34.62500000009931
47.45000000010223
59.50000000010497
73.57500000010816
86.67500000011114
98.70000000011387
111.62500000011681
122.70000000011933
133.42500000011557
148.2250000001021
17.30000000009955
34.80000000009935
59.525000000104974
73.57500000010816
87.70000000011137
98.90000000011392
111.67500000011682
122.85000000011937
133.52500000011548
148.32500000010202
17.450000000099543
34.70000000009933
59.55000000010498
73.55000000010816
86.97500000011121
98.77500000011389
111.62500000011681
122.75000000011934
133.4000000001156
148.2500000001021
17.375000000099547
34.70000000009933
47.700000000102285
59.50000000010497
73.52500000010815
86.97500000011121
98.77500000011389
111.60000000011681
122.75000000011934
133.45000000011555
148.17500000010216
17.450000000099543
34.75000000009934
47.95000000010234
59.525000000104974
73.60000000010817
86.87500000011119
98.8250000001139
111.67500000011682
122.82500000011936
133.55000000011546
148.32500000010202
17.450000000099543
34.75000000009934
47.45000000010223
59.37500000010494
73.55000000010816
86.67500000011114
98.8000000001139
111.5500000001168
122.75000000011934
133.45000000011555
148.30000000010205
17.450000000099543
34.65000000009932
47.50000000010224
59.55000000010498
73.57500000010816
86.70000000011115
98.67500000011387
111.65000000011682
122.67500000011933
133.47500000011553
148.27500000010207
17.47500000009954
34.70000000009933
47.85000000010232
59.525000000104974
73.57500000010816
86.85000000011118
98.77500000011389
111.65000000011682
122.72500000011934
133.5000000001155
148.27500000010207
17.425000000099544
34.675000000099324
47.45000000010223
59.50000000010497
73.55000000010816
86.67500000011114
98.8000000001139
111.62500000011681
122.75000000011934
133.52500000011548
148.2500000001021
17.32500000009955
34.70000000009933
47.62500000010227
59.45000000010496
73.50000000010814
86.87500000011119
98.8000000001139
111.5750000001168
122.80000000011935
133.47500000011553
148.2250000001021
17.375000000099547
34.725000000099335
47.50000000010224
59.47500000010496
73.55000000010816
86.77500000011116
98.8000000001139
111.5750000001168
122.72500000011934
133.5000000001155
148.30000000010205
17.47500000009954
34.70000000009933
47.525000000102246
59.47500000010496
73.55000000010816
86.80000000011117
98.8000000001139
111.60000000011681
122.82500000011936
133.37500000011562
148.20000000010214
17.550000000099537
34.675000000099324
59.50000000010497
73.60000000010817
87.42500000011131
98.77500000011389
111.65000000011682
122.75000000011934
133.45000000011555
148.2500000001021
17.35000000009955
34.725000000099335
47.67500000010228
59.525000000104974
73.57500000010816
86.87500000011119
98.77500000011389
111.60000000011681
122.75000000011934
133.45000000011555
148.27500000010207
17.425000000099544
34.70000000009933
47.42500000010222
59.42500000010495
73.55000000010816
86.70000000011115
98.72500000011388
111.5750000001168
122.67500000011933
133.5000000001155
148.2250000001021
17.425000000099544
34.725000000099335
47.650000000102274
59.50000000010497
73.52500000010815
86.90000000011119
98.8000000001139
111.5750000001168
122.77500000011935
133.42500000011557
148.27500000010207
17.47500000009954
34.725000000099335
47.92500000010234
59.50000000010497
73.57500000010816
86.80000000011117
98.77500000011389
111.60000000011681
122.72500000011934
133.45000000011555
148.2500000001021
17.450000000099543
34.725000000099335
47.525000000102246
59.55000000010498
73.57500000010816
86.75000000011116
98.8000000001139
111.62500000011681
122.72500000011934
133.55000000011546
148.2500000001021
17.47500000009954
34.70000000009933
47.72500000010229
59.55000000010498
73.57500000010816
87.05000000011123
98.8250000001139
111.62500000011681
122.75000000011934
133.4000000001156
148.27500000010207
17.35000000009955
34.725000000099335
47.525000000102246
59.400000000104946
73.55000000010816
86.80000000011117
98.77500000011389
111.5750000001168
122.80000000011935
133.45000000011555
148.2500000001021
17.35000000009955
34.725000000099335
47.42500000010222
59.400000000104946
73.50000000010814
86.72500000011115
98.77500000011389
111.52500000011679
122.80000000011935
133.55000000011546
148.2500000001021
17.47500000009954
34.75000000009934
47.62500000010227
59.525000000104974
73.57500000010816
86.90000000011119
98.77500000011389
111.67500000011682
122.80000000011935
133.55000000011546
148.2500000001021
17.47500000009954
34.70000000009933
47.95000000010234
59.47500000010496
73.57500000010816
86.9250000001112
98.72500000011388
111.62500000011681
122.70000000011933
133.4000000001156
148.27500000010207
17.425000000099544
34.725000000099335
47.42500000010222
59.400000000104946
73.52500000010815
86.65000000011113
98.8000000001139
111.5750000001168
122.75000000011934
133.42500000011557
148.2500000001021
17.35000000009955
34.725000000099335
47.55000000010225
59.50000000010497
73.57500000010816
86.65000000011113
98.8000000001139
111.60000000011681
122.77500000011935
133.52500000011548
148.27500000010207
17.52500000009954
34.725000000099335
59.55000000010498
73.62500000010817
98.85000000011391
111.70000000011683
122.77500000011935
133.45000000011555
148.30000000010205
17.30000000009955
34.675000000099324
47.67500000010228
59.47500000010496
73.50000000010814
86.77500000011116
98.72500000011388
111.5750000001168
122.72500000011934
133.42500000011557
148.17500000010216
17.32500000009955
34.65000000009932
47.40000000010222
59.45000000010496
73.47500000010814
86.62500000011113
98.67500000011387
111.5500000001168
122.65000000011932
133.4000000001156
148.15000000010218
17.425000000099544
34.675000000099324
47.50000000010224
59.45000000010496
73.55000000010816
86.97500000011121
98.77500000011389
111.60000000011681
122.75000000011934
133.47500000011553
148.27500000010207
17.450000000099543
34.75000000009934
47.80000000010231
59.47500000010496
73.57500000010816
86.85000000011118
98.87500000011391
111.60000000011681
122.82500000011936
133.47500000011553
148.30000000010205
17.425000000099544
34.77500000009935
59.47500000010496
73.57500000010816
86.9500000001112
98.85000000011391
111.60000000011681
122.82500000011936
133.6250000001154
148.37500000010198
17.35000000009955
34.77500000009935
48.02500000010236
59.55000000010498
73.52500000010815
86.90000000011119
98.8000000001139
111.5750000001168
122.77500000011935
133.47500000011553
148.2250000001021
17.35000000009955
34.725000000099335
47.50000000010224
59.45000000010496
73.55000000010816
86.85000000011118
98.87500000011391
111.5500000001168
122.80000000011935
133.52500000011548
148.30000000010205
17.47500000009954
34.725000000099335
47.80000000010231
59.575000000104986
73.57500000010816
86.9250000001112
98.85000000011391
111.67500000011682
122.75000000011934
133.45000000011555
148.30000000010205
17.375000000099547
34.77500000009935
47.67500000010228
59.47500000010496
73.55000000010816
86.75000000011116
98.77500000011389
111.62500000011681
122.70000000011933
133.5000000001155
148.2250000001021
17.450000000099543
34.675000000099324
47.650000000102274
59.45000000010496
73.57500000010816
86.77500000011116
98.72500000011388
111.62500000011681
122.75000000011934
133.35000000011564
148.27500000010207
17.400000000099546
34.65000000009932
47.7500000001023
59.525000000104974
73.55000000010816
86.82500000011117
98.77500000011389
111.60000000011681
122.72500000011934
133.5000000001155
148.27500000010207
17.425000000099544
34.77500000009935
59.55000000010498
73.57500000010816
87.15000000011125
98.8250000001139
111.65000000011682
122.82500000011936
133.57500000011544
148.30000000010205
17.400000000099546
34.77500000009935
47.700000000102285
59.45000000010496
73.55000000010816
87.05000000011123
98.8250000001139
111.5750000001168
122.77500000011935
133.52500000011548
148.30000000010205
17.400000000099546
34.675000000099324
47.57500000010226
59.525000000104974
73.50000000010814
86.72500000011115
98.75000000011389
111.60000000011681
122.72500000011934
133.4000000001156
148.15000000010218
17.450000000099543
34.70000000009933
47.60000000010226
59.45000000010496
73.52500000010815
86.72500000011115
98.8000000001139
111.60000000011681
122.80000000011935
133.45000000011555
148.17500000010216
17.50000000009954
34.70000000009933
47.55000000010225
59.45000000010496
73.57500000010816
87.17500000011125
98.77500000011389
111.62500000011681
122.72500000011934
133.45000000011555
148.27500000010207
17.375000000099547
34.675000000099324
47.37500000010221
59.350000000104934
73.47500000010814
86.62500000011113
98.8000000001139
111.52500000011679
122.67500000011933
133.37500000011562
148.2250000001021
17.375000000099547
34.70000000009933
47.40000000010222
59.37500000010494
73.45000000010813
86.67500000011114
98.8000000001139
111.50000000011678
122.77500000011935
133.45000000011555
148.1250000001022
17.400000000099546
34.77500000009935
47.85000000010232
59.525000000104974
73.62500000010817
86.9500000001112
98.90000000011392
111.70000000011683
122.85000000011937
133.57500000011544
148.350000000102
17.450000000099543
34.70000000009933
47.55000000010225
59.42500000010495
73.52500000010815
86.82500000011117
98.70000000011387
111.60000000011681
122.72500000011934
133.45000000011555
148.2250000001021
17.375000000099547
34.725000000099335
47.50000000010224
59.50000000010497
73.50000000010814
86.72500000011115
98.8000000001139
111.5500000001168
122.70000000011933
133.42500000011557
148.20000000010214
17.425000000099544
34.62500000009931
47.50000000010224
59.42500000010495
73.52500000010815
86.70000000011115
98.70000000011387
111.5750000001168
122.67500000011933
133.35000000011564
148.2250000001021
17.52500000009954
34.80000000009935
47.67500000010228
59.47500000010496
73.57500000010816
86.82500000011117
98.8000000001139
111.62500000011681
122.77500000011935
133.45000000011555
148.2500000001021
17.35000000009955
34.675000000099324
48.100000000102376
59.45000000010496
73.55000000010816
86.97500000011121
98.75000000011389
111.62500000011681
122.77500000011935
133.45000000011555
148.2500000001021
17.50000000009954
34.75000000009934
47.475000000102234
59.525000000104974
73.60000000010817
86.70000000011115
98.8000000001139
111.62500000011681
122.77500000011935
133.5000000001155
148.27500000010207
17.425000000099544
34.725000000099335
47.525000000102246
59.50000000010497
73.55000000010816
86.72500000011115
98.70000000011387
111.60000000011681
122.67500000011933
133.4000000001156
148.2500000001021
17.275000000099553
34.725000000099335
47.825000000102314
59.45000000010496
73.50000000010814
86.80000000011117
98.77500000011389
111.5500000001168
122.72500000011934
133.5000000001155
148.2500000001021
17.425000000099544
34.70000000009933
47.50000000010224
59.47500000010496
73.52500000010815
86.82500000011117
98.8000000001139
111.5500000001168
122.72500000011934
133.4000000001156
148.2250000001021
17.450000000099543
34.70000000009933
47.55000000010225
59.50000000010497
73.57500000010816
86.85000000011118
98.72500000011388
111.62500000011681
122.70000000011933
133.47500000011553
148.27500000010207
17.425000000099544
34.70000000009933
47.80000000010231
59.55000000010498
73.57500000010816
86.82500000011117
98.77500000011389
111.65000000011682
122.77500000011935
133.52500000011548
148.27500000010207
17.425000000099544
34.725000000099335
47.92500000010234
59.45000000010496
73.55000000010816
86.77500000011116
98.77500000011389
111.60000000011681
122.75000000011934
133.55000000011546
148.30000000010205
17.450000000099543
34.65000000009932
47.55000000010225
59.525000000104974
73.55000000010816
86.65000000011113
98.62500000011386
111.65000000011682
122.65000000011932
133.42500000011557
148.20000000010214
17.47500000009954
34.77500000009935
59.525000000104974
73.60000000010817
87.00000000011121
98.77500000011389
111.70000000011683
122.82500000011936
133.45000000011555
148.30000000010205
17.375000000099547
34.75000000009934
47.875000000102325
59.575000000104986
73.65000000010818
86.90000000011119
98.8250000001139
111.67500000011682
122.77500000011935
133.47500000011553
148.32500000010202
17.425000000099544
34.725000000099335
47.650000000102274
59.45000000010496
73.50000000010814
86.82500000011117
98.77500000011389
111.5750000001168
122.77500000011935
133.5000000001155
148.20000000010214
17.47500000009954
34.70000000009933
47.95000000010234
59.525000000104974
73.60000000010817
86.77500000011116
98.85000000011391
111.65000000011682
122.77500000011935
133.47500000011553
148.2500000001021
17.450000000099543
34.675000000099324
47.72500000010229
59.45000000010496
73.50000000010814
86.9250000001112
98.70000000011387
111.60000000011681
122.72500000011934
133.35000000011564
148.17500000010216
17.50000000009954
34.75000000009934
47.90000000010233
59.50000000010497
73.60000000010817
87.20000000011126
98.8250000001139
111.67500000011682
122.80000000011935
133.42500000011557
148.30000000010205
17.400000000099546
34.77500000009935
47.60000000010226
59.45000000010496
73.52500000010815
86.82500000011117
98.75000000011389
111.60000000011681
122.75000000011934
133.45000000011555
148.2250000001021
17.400000000099546
34.70000000009933
47.57500000010226
59.47500000010496
73.55000000010816
86.82500000011117
98.77500000011389
111.5500000001168
122.72500000011934
133.47500000011553
148.27500000010207
17.47500000009954
34.725000000099335
47.55000000010225
59.45000000010496
73.57500000010816
86.82500000011117
98.8250000001139
111.62500000011681
122.77500000011935
133.5000000001155
148.27500000010207
17.50000000009954
34.77500000009935
59.575000000104986
73.65000000010818
87.10000000011124
98.87500000011391
111.70000000011683
122.85000000011937
133.60000000011541
148.40000000010195
17.450000000099543
34.725000000099335
47.45000000010223
59.45000000010496
73.52500000010815
86.67500000011114
98.77500000011389
111.60000000011681
122.72500000011934
133.4000000001156
148.20000000010214
17.375000000099547
34.80000000009935
59.525000000104974
73.60000000010817
87.72500000011138
98.87500000011391
111.65000000011682
122.80000000011935
133.5000000001155
148.32500000010202
17.35000000009955
34.725000000099335
47.67500000010228
59.45000000010496
73.52500000010815
86.87500000011119
98.8000000001139
111.5750000001168
122.77500000011935
133.55000000011546
148.2500000001021
17.35000000009955
34.675000000099324
47.700000000102285
59.42500000010495
73.52500000010815
86.80000000011117
98.75000000011389
111.5500000001168
122.75000000011934
133.45000000011555
148.2500000001021
17.450000000099543
34.675000000099324
47.80000000010231
59.50000000010497
73.55000000010816
87.12500000011124
98.72500000011388
111.65000000011682
122.75000000011934
133.47500000011553
148.2500000001021
17.400000000099546
34.725000000099335
47.55000000010225
59.47500000010496
73.57500000010816
86.75000000011116
98.77500000011389
111.65000000011682
122.75000000011934
133.37500000011562
148.2500000001021
17.375000000099547
34.65000000009932
47.60000000010226
59.45000000010496
73.55000000010816
86.77500000011116
98.70000000011387
111.60000000011681
122.67500000011933
133.45000000011555
148.2500000001021
17.250000000099554
34.62500000009931
47.40000000010222
59.45000000010496
73.47500000010814
86.55000000011111
98.67500000011387
111.5500000001168
122.65000000011932
133.42500000011557
148.15000000010218
17.47500000009954
34.70000000009933
47.650000000102274
59.55000000010498
73.60000000010817
86.82500000011117
98.77500000011389
111.67500000011682
122.70000000011933
133.42500000011557
148.2250000001021
17.35000000009955
34.77500000009935
47.650000000102274
59.55000000010498
73.57500000010816
87.05000000011123
98.85000000011391
111.62500000011681
122.82500000011936
133.57500000011544
148.350000000102
17.52500000009954
34.675000000099324
47.525000000102246
59.50000000010497
73.57500000010816
86.65000000011113
98.75000000011389
111.67500000011682
122.75000000011934
133.47500000011553
148.20000000010214
17.450000000099543
34.75000000009934
47.7750000001023
59.55000000010498
73.60000000010817
86.85000000011118
98.8000000001139
111.67500000011682
122.77500000011935
133.60000000011541
148.30000000010205
17.425000000099544
34.70000000009933
47.57500000010226
59.47500000010496
73.55000000010816
86.80000000011117
98.8000000001139
111.62500000011681
122.80000000011935
133.42500000011557
148.2500000001021
17.32500000009955
34.77500000009935
48.02500000010236
59.55000000010498
73.57500000010816
86.9250000001112
98.77500000011389
111.67500000011682
122.77500000011935
133.55000000011546
148.27500000010207
17.400000000099546
34.725000000099335
47.700000000102285
59.47500000010496
73.55000000010816
86.82500000011117
98.85000000011391
111.60000000011681
122.75000000011934
133.45000000011555
148.27500000010207
17.375000000099547
34.675000000099324
47.45000000010223
59.50000000010497
73.52500000010815
86.67500000011114
98.72500000011388
111.60000000011681
122.77500000011935
133.37500000011562
148.20000000010214
17.52500000009954
34.725000000099335
59.55000000010498
73.62500000010817
86.9500000001112
98.8000000001139
111.67500000011682
122.77500000011935
133.47500000011553
148.30000000010205
17.425000000099544
34.675000000099324
47.57500000010226
59.55000000010498
73.57500000010816
86.70000000011115
98.75000000011389
111.65000000011682
122.72500000011934
133.5000000001155
148.2500000001021
17.47500000009954
34.70000000009933
47.50000000010224
59.50000000010497
73.57500000010816
86.70000000011115
98.70000000011387
111.65000000011682
122.70000000011933
133.47500000011553
148.2500000001021
17.47500000009954
34.75000000009934
47.700000000102285
59.625000000105
73.60000000010817
86.85000000011118
98.8000000001139
111.70000000011683
122.75000000011934
133.47500000011553
148.32500000010202
17.375000000099547
34.75000000009934
59.525000000104974
73.60000000010817
87.57500000011134
98.8250000001139
111.65000000011682
122.80000000011935
133.52500000011548
148.350000000102
17.450000000099543
34.725000000099335
47.90000000010233
59.50000000010497
73.55000000010816
86.85000000011118
98.75000000011389
111.65000000011682
122.72500000011934
133.42500000011557
148.2500000001021
17.375000000099547
34.65000000009932
47.525000000102246
59.47500000010496
73.50000000010814
86.67500000011114
98.70000000011387
111.5500000001168
122.72500000011934
133.45000000011555
148.2500000001021
17.375000000099547
34.725000000099335
47.700000000102285
59.42500000010495
73.55000000010816
86.82500000011117
98.75000000011389
111.5750000001168
122.72500000011934
133.45000000011555
148.27500000010207
17.50000000009954
34.75000000009934
47.50000000010224
59.60000000010499
73.62500000010817
86.97500000011121
98.75000000011389
111.70000000011683
122.80000000011935
133.55000000011546
148.30000000010205
17.425000000099544
34.725000000099335
47.55000000010225
59.42500000010495
73.55000000010816
86.80000000011117
98.8000000001139
111.5500000001168
122.82500000011936
133.4000000001156
148.27500000010207
17.450000000099543
34.70000000009933
47.72500000010229
59.525000000104974
73.55000000010816
86.77500000011116
98.8250000001139
111.67500000011682
122.77500000011935
133.45000000011555
148.2250000001021
17.450000000099543
34.75000000009934
47.7750000001023
59.50000000010497
73.57500000010816
86.97500000011121
98.8000000001139
111.65000000011682
122.82500000011936
133.5000000001155
148.30000000010205
17.425000000099544
34.75000000009934
47.97500000010235
59.525000000104974
73.55000000010816
87.20000000011126
98.85000000011391
111.62500000011681
122.77500000011935
133.52500000011548
148.30000000010205
