19.200000000099443
35.52500000009952
48.52500000010247
61.07500000010533
74.6250000001084
87.50000000011133
99.57500000011407
112.9000000001171
123.70000000011956
134.6000000001145
149.3250000001011
19.175000000099445
35.4500000000995
48.450000000102456
61.05000000010532
74.57500000010839
87.42500000011131
99.52500000011406
112.82500000011709
123.70000000011956
134.55000000011455
149.30000000010114
19.175000000099445
35.50000000009951
48.47500000010246
61.025000000105315
74.6250000001084
87.47500000011132
99.55000000011407
112.8750000001171
123.80000000011958
134.6000000001145
149.3250000001011
19.150000000099446
35.4500000000995
48.400000000102445
60.9500000001053
74.55000000010838
87.4000000001113
99.45000000011404
112.80000000011708
123.62500000011954
134.52500000011457
149.27500000010116
19.175000000099445
35.475000000099506
48.50000000010247
61.025000000105315
74.6000000001084
87.45000000011132
99.57500000011407
112.85000000011709
123.77500000011958
134.65000000011446
149.3250000001011
19.175000000099445
35.50000000009951
48.450000000102456
60.9500000001053
74.57500000010839
87.45000000011132
99.50000000011406
112.82500000011709
123.72500000011956
134.6000000001145
149.30000000010114
19.225000000099442
35.55000000009952
48.52500000010247
61.10000000010533
74.6500000001084
87.52500000011133
99.60000000011408
112.92500000011711
123.72500000011956
134.62500000011448
149.37500000010107
19.150000000099446
35.475000000099506
48.42500000010245
60.975000000105304
74.55000000010838
87.4000000001113
99.47500000011405
112.82500000011709
123.60000000011954
134.57500000011453
149.27500000010116
19.225000000099442
35.57500000009953
48.52500000010247
61.10000000010533
74.67500000010841
87.50000000011133
99.60000000011408
112.92500000011711
123.97500000011962
134.67500000011444
149.37500000010107
19.175000000099445
35.475000000099506
48.42500000010245
60.92500000010529
74.57500000010839
87.42500000011131
99.45000000011404
112.82500000011709
123.60000000011954
134.57500000011453
149.27500000010116
19.125000000099448
35.425000000099494
48.35000000010243
60.850000000105275
74.50000000010837
87.32500000011129
99.37500000011403
112.77500000011707
123.62500000011954
134.5000000001146
149.20000000010123
19.175000000099445
35.475000000099506
48.47500000010246
61.025000000105315
74.57500000010839
87.45000000011132
99.50000000011406
112.85000000011709
123.67500000011955
134.6000000001145
149.30000000010114
19.150000000099446
35.475000000099506
48.42500000010245
60.975000000105304
74.55000000010838
87.42500000011131
99.42500000011404
112.80000000011708
123.57500000011953
134.55000000011455
149.27500000010116
19.150000000099446
35.4500000000995
48.42500000010245
60.975000000105304
74.55000000010838
87.42500000011131
99.50000000011406
112.80000000011708
123.70000000011956
134.55000000011455
149.27500000010116
19.200000000099443
35.50000000009951
48.400000000102445
60.90000000010529
74.55000000010838
87.3750000001113
99.42500000011404
112.82500000011709
123.85000000011959
134.57500000011453
149.27500000010116
19.225000000099442
35.50000000009951
48.47500000010246
61.00000000010531
74.6250000001084
87.47500000011132
99.52500000011406
112.8750000001171
123.67500000011955
134.62500000011448
149.3250000001011
19.225000000099442
35.50000000009951
48.47500000010246
60.975000000105304
74.6000000001084
87.47500000011132
99.52500000011406
112.8750000001171
123.70000000011956
134.6000000001145
149.3250000001011
19.150000000099446
35.475000000099506
48.47500000010246
61.025000000105315
74.6000000001084
87.45000000011132
99.52500000011406
112.85000000011709
123.65000000011955
134.67500000011444
149.3250000001011
19.125000000099448
35.475000000099506
48.47500000010246
61.00000000010531
74.6000000001084
87.45000000011132
99.52500000011406
112.85000000011709
123.67500000011955
134.6000000001145
149.30000000010114
19.07500000009945
35.37500000009948
48.37500000010244
60.9500000001053
74.52500000010838
87.3750000001113
99.42500000011404
112.75000000011707
123.62500000011954
134.52500000011457
149.2250000001012
19.150000000099446
35.4500000000995
48.450000000102456
60.975000000105304
74.57500000010839
87.4000000001113
99.52500000011406
112.82500000011709
123.65000000011955
134.55000000011455
149.27500000010116
19.175000000099445
35.475000000099506
48.450000000102456
61.00000000010531
74.6000000001084
87.45000000011132
99.55000000011407
112.85000000011709
123.8750000001196
134.6000000001145
149.30000000010114
19.150000000099446
35.475000000099506
48.450000000102456
60.975000000105304
74.57500000010839
87.42500000011131
99.47500000011405
112.85000000011709
123.70000000011956
134.57500000011453
149.27500000010116
19.150000000099446
35.475000000099506
48.450000000102456
61.00000000010531
74.55000000010838
87.42500000011131
99.50000000011406
112.82500000011709
123.67500000011955
134.6000000001145
149.27500000010116
19.175000000099445
35.475000000099506
48.450000000102456
60.975000000105304
74.57500000010839
87.42500000011131
99.52500000011406
112.85000000011709
123.65000000011955
134.6000000001145
149.30000000010114
19.125000000099448
35.425000000099494
48.400000000102445
60.92500000010529
74.55000000010838
87.4000000001113
99.47500000011405
112.80000000011708
123.67500000011955
134.55000000011455
149.27500000010116
19.10000000009945
35.37500000009948
48.37500000010244
60.9500000001053
74.52500000010838
87.3750000001113
99.40000000011403
112.77500000011707
123.55000000011952
134.45000000011464
149.2250000001012
19.07500000009945
35.425000000099494
48.35000000010243
60.82500000010527
74.50000000010837
87.3500000001113
99.37500000011403
112.75000000011707
123.65000000011955
134.5000000001146
149.20000000010123
19.150000000099446
35.475000000099506
48.47500000010246
60.975000000105304
74.6250000001084
87.45000000011132
99.52500000011406
112.8750000001171
123.67500000011955
134.6000000001145
149.3250000001011
19.125000000099448
35.4500000000995
48.42500000010245
60.92500000010529
74.55000000010838
87.42500000011131
99.47500000011405
112.80000000011708
123.60000000011954
134.55000000011455
149.25000000010118
19.25000000009944
35.600000000099534
48.55000000010248
61.10000000010533
74.6500000001084
87.50000000011133
99.60000000011408
112.92500000011711
123.9000000001196
134.70000000011441
149.3500000001011
19.150000000099446
35.4500000000995
48.450000000102456
61.12500000010534
74.6000000001084
87.47500000011132
99.57500000011407
112.82500000011709
123.80000000011958
134.6000000001145
149.3250000001011
19.150000000099446
35.475000000099506
48.450000000102456
60.975000000105304
74.57500000010839
87.42500000011131
99.47500000011405
112.82500000011709
123.70000000011956
134.6000000001145
149.27500000010116
19.175000000099445
35.4500000000995
48.42500000010245
60.975000000105304
74.55000000010838
87.42500000011131
99.50000000011406
112.80000000011708
123.67500000011955
134.62500000011448
149.27500000010116
19.150000000099446
35.4500000000995
48.400000000102445
60.92500000010529
74.55000000010838
87.4000000001113
99.45000000011404
112.80000000011708
123.72500000011956
134.6000000001145
149.25000000010118
19.25000000009944
35.52500000009952
48.50000000010247
61.025000000105315
74.6000000001084
87.50000000011133
99.57500000011407
112.8750000001171
123.82500000011959
134.62500000011448
149.3250000001011
19.150000000099446
35.52500000009952
48.450000000102456
60.9500000001053
74.57500000010839
87.42500000011131
99.45000000011404
112.82500000011709
123.65000000011955
134.62500000011448
149.27500000010116
19.125000000099448
35.475000000099506
48.450000000102456
61.00000000010531
74.57500000010839
87.42500000011131
99.52500000011406
112.82500000011709
123.75000000011957
134.62500000011448
149.30000000010114
19.10000000009945
35.37500000009948
48.35000000010243
60.82500000010527
74.45000000010836
87.32500000011129
99.35000000011402
112.72500000011706
123.57500000011953
134.47500000011462
149.15000000010127
19.125000000099448
35.4500000000995
48.400000000102445
60.9500000001053
74.55000000010838
87.4000000001113
99.45000000011404
112.80000000011708
123.60000000011954
134.57500000011453
149.25000000010118
19.200000000099443
35.55000000009952
48.52500000010247
61.07500000010533
74.6500000001084
87.52500000011133
99.60000000011408
112.9000000001171
123.8750000001196
134.65000000011446
149.37500000010107
19.10000000009945
35.37500000009948
48.37500000010244
60.90000000010529
74.52500000010838
87.4000000001113
99.42500000011404
112.77500000011707
123.60000000011954
134.5000000001146
149.2250000001012
19.175000000099445
35.4500000000995
48.42500000010245
60.9500000001053
74.55000000010838
87.42500000011131
99.47500000011405
112.82500000011709
123.65000000011955
134.57500000011453
149.27500000010116
19.175000000099445
35.475000000099506
48.450000000102456
60.975000000105304
74.57500000010839
87.42500000011131
99.47500000011405
112.85000000011709
123.62500000011954
134.6000000001145
149.27500000010116
19.125000000099448
35.4500000000995
48.42500000010245
60.9500000001053
74.55000000010838
87.42500000011131
99.45000000011404
112.82500000011709
123.67500000011955
134.5000000001146
149.25000000010118
19.200000000099443
35.50000000009951
48.450000000102456
60.9500000001053
74.57500000010839
87.45000000011132
99.47500000011405
112.82500000011709
123.67500000011955
134.6000000001145
149.27500000010116
19.200000000099443
35.50000000009951
48.450000000102456
60.975000000105304
74.57500000010839
87.45000000011132
99.47500000011405
112.85000000011709
123.70000000011956
134.55000000011455
149.30000000010114
19.125000000099448
35.425000000099494
48.42500000010245
60.92500000010529
74.55000000010838
87.3750000001113
99.42500000011404
112.80000000011708
123.65000000011955
134.5000000001146
149.25000000010118
19.050000000099452
35.37500000009948
48.35000000010243
60.87500000010528
74.50000000010837
87.3750000001113
99.42500000011404
112.75000000011707
123.60000000011954
134.45000000011464
149.20000000010123
19.175000000099445
35.425000000099494
48.450000000102456
61.00000000010531
74.57500000010839
87.42500000011131
99.52500000011406
112.82500000011709
123.80000000011958
134.65000000011446
149.30000000010114
19.07500000009945
35.425000000099494
48.400000000102445
60.9500000001053
74.52500000010838
87.3750000001113
99.42500000011404
112.77500000011707
123.55000000011952
134.55000000011455
149.25000000010118
19.175000000099445
35.475000000099506
48.450000000102456
61.00000000010531
74.6000000001084
87.47500000011132
99.55000000011407
112.8750000001171
123.65000000011955
134.6000000001145
149.30000000010114
19.175000000099445
35.52500000009952
48.47500000010246
61.00000000010531
74.57500000010839
87.45000000011132
99.52500000011406
112.82500000011709
123.67500000011955
134.55000000011455
149.27500000010116
19.10000000009945
35.40000000009949
48.400000000102445
60.975000000105304
74.50000000010837
87.4000000001113
99.47500000011405
112.77500000011707
123.65000000011955
134.47500000011462
149.2250000001012
19.10000000009945
35.425000000099494
48.35000000010243
60.87500000010528
74.52500000010838
87.3500000001113
99.37500000011403
112.80000000011708
123.60000000011954
134.52500000011457
149.2250000001012
19.175000000099445
35.52500000009952
48.47500000010246
61.05000000010532
74.6000000001084
87.47500000011132
99.55000000011407
112.8750000001171
123.75000000011957
134.62500000011448
149.3250000001011
19.125000000099448
35.425000000099494
48.42500000010245
60.975000000105304
74.52500000010838
87.42500000011131
99.50000000011406
112.80000000011708
123.72500000011956
134.55000000011455
149.27500000010116
19.125000000099448
35.425000000099494
48.400000000102445
60.90000000010529
74.55000000010838
87.3750000001113
99.42500000011404
112.80000000011708
123.52500000011952
134.5000000001146
149.2250000001012
19.175000000099445
35.475000000099506
48.47500000010246
61.025000000105315
74.6250000001084
87.45000000011132
99.52500000011406
112.8750000001171
123.72500000011956
134.55000000011455
149.3250000001011
19.175000000099445
35.4500000000995
48.42500000010245
61.025000000105315
74.57500000010839
87.42500000011131
99.50000000011406
112.82500000011709
123.80000000011958
134.55000000011455
149.27500000010116
19.150000000099446
35.4500000000995
48.400000000102445
60.87500000010528
74.55000000010838
87.4000000001113
99.42500000011404
112.80000000011708
123.62500000011954
134.57500000011453
149.25000000010118
19.200000000099443
35.52500000009952
48.47500000010246
61.00000000010531
74.6000000001084
87.45000000011132
99.52500000011406
112.85000000011709
123.72500000011956
134.65000000011446
149.30000000010114
19.225000000099442
35.50000000009951
48.47500000010246
61.00000000010531
74.6250000001084
87.45000000011132
99.55000000011407
112.8750000001171
123.62500000011954
134.6000000001145
149.3250000001011
19.125000000099448
35.4500000000995
48.42500000010245
60.975000000105304
74.52500000010838
87.3750000001113
99.47500000011405
112.80000000011708
123.60000000011954
134.52500000011457
149.2250000001012
19.07500000009945
35.35000000009948
48.37500000010244
60.90000000010529
74.50000000010837
87.3500000001113
99.42500000011404
112.75000000011707
123.57500000011953
134.47500000011462
149.2250000001012
19.175000000099445
35.475000000099506
48.47500000010246
61.025000000105315
74.6000000001084
87.42500000011131
99.55000000011407
112.85000000011709
123.65000000011955
134.55000000011455
149.30000000010114
19.175000000099445
35.4500000000995
48.450000000102456
61.00000000010531
74.6000000001084
87.45000000011132
99.52500000011406
112.85000000011709
123.77500000011958
134.52500000011457
149.30000000010114
19.150000000099446
35.475000000099506
48.50000000010247
61.07500000010533
74.6000000001084
87.47500000011132
99.60000000011408
112.85000000011709
123.82500000011959
134.62500000011448
149.3250000001011
19.225000000099442
35.52500000009952
48.50000000010247
61.00000000010531
74.6000000001084
87.45000000011132
99.55000000011407
112.8750000001171
123.70000000011956
134.55000000011455
149.30000000010114
19.25000000009944
35.52500000009952
48.47500000010246
61.00000000010531
74.6000000001084
87.47500000011132
99.52500000011406
112.8750000001171
123.67500000011955
134.62500000011448
149.3250000001011
19.150000000099446
35.475000000099506
48.50000000010247
61.12500000010534
74.6000000001084
87.47500000011132
99.60000000011408
112.82500000011709
123.72500000011956
134.57500000011453
149.3500000001011
19.175000000099445
35.50000000009951
48.47500000010246
61.025000000105315
74.6000000001084
87.45000000011132
99.52500000011406
112.85000000011709
123.77500000011958
134.70000000011441
149.3250000001011
19.225000000099442
35.55000000009952
48.50000000010247
61.05000000010532
74.6000000001084
87.47500000011132
99.55000000011407
112.8750000001171
123.72500000011956
134.6000000001145
149.3250000001011
19.125000000099448
35.425000000099494
48.42500000010245
61.00000000010531
74.55000000010838
87.42500000011131
99.50000000011406
112.82500000011709
123.72500000011956
134.65000000011446
149.27500000010116
19.10000000009945
35.475000000099506
48.42500000010245
60.975000000105304
74.57500000010839
87.42500000011131
99.50000000011406
112.82500000011709
123.75000000011957
134.62500000011448
149.30000000010114
19.10000000009945
35.425000000099494
48.400000000102445
61.00000000010531
74.55000000010838
87.45000000011132
99.52500000011406
112.80000000011708
123.72500000011956
134.52500000011457
149.27500000010116
19.125000000099448
35.40000000009949
48.42500000010245
60.975000000105304
74.55000000010838
87.3750000001113
99.47500000011405
112.82500000011709
123.60000000011954
134.55000000011455
149.27500000010116
19.175000000099445
35.475000000099506
48.47500000010246
61.00000000010531
74.6000000001084
87.45000000011132
99.52500000011406
112.85000000011709
123.77500000011958
134.57500000011453
149.30000000010114
19.150000000099446
35.4500000000995
48.47500000010246
61.00000000010531
74.6000000001084
87.45000000011132
99.50000000011406
112.85000000011709
123.77500000011958
134.6000000001145
149.30000000010114
19.07500000009945
35.37500000009948
48.400000000102445
60.9500000001053
74.55000000010838
87.3500000001113
99.47500000011405
112.80000000011708
123.60000000011954
134.52500000011457
149.25000000010118
19.325000000099436
35.57500000009953
48.575000000102484
61.12500000010534
74.67500000010841
87.52500000011133
99.65000000011409
112.95000000011711
123.82500000011959
134.70000000011441
149.40000000010104
19.200000000099443
35.50000000009951
48.50000000010247
61.10000000010533
74.6250000001084
87.50000000011133
99.62500000011408
112.8750000001171
123.8750000001196
134.65000000011446
149.37500000010107
19.050000000099452
35.37500000009948
48.35000000010243
60.9500000001053
74.52500000010838
87.3750000001113
99.45000000011404
112.75000000011707
123.60000000011954
134.55000000011455
149.25000000010118
19.125000000099448
35.425000000099494
48.42500000010245
61.025000000105315
74.57500000010839
87.45000000011132
99.52500000011406
112.82500000011709
123.72500000011956
134.67500000011444
149.30000000010114
19.200000000099443
35.50000000009951
48.450000000102456
60.975000000105304
74.57500000010839
87.42500000011131
99.50000000011406
112.85000000011709
123.72500000011956
134.6000000001145
149.30000000010114
19.125000000099448
35.4500000000995
48.400000000102445
60.9500000001053
74.55000000010838
87.3750000001113
99.45000000011404
112.80000000011708
123.62500000011954
134.5000000001146
149.25000000010118
19.10000000009945
35.4500000000995
48.400000000102445
60.92500000010529
74.55000000010838
87.42500000011131
99.45000000011404
112.80000000011708
123.60000000011954
134.55000000011455
149.25000000010118
19.200000000099443
35.50000000009951
48.42500000010245
60.90000000010529
74.57500000010839
87.42500000011131
99.45000000011404
112.85000000011709
123.80000000011958
134.62500000011448
149.27500000010116
19.200000000099443
35.4500000000995
48.47500000010246
61.00000000010531
74.57500000010839
87.45000000011132
99.52500000011406
112.82500000011709
123.72500000011956
134.57500000011453
149.30000000010114
19.175000000099445
35.50000000009951
48.47500000010246
61.025000000105315
74.6000000001084
87.45000000011132
99.50000000011406
112.85000000011709
123.67500000011955
134.6000000001145
149.30000000010114
19.07500000009945
35.37500000009948
48.35000000010243
60.87500000010528
74.52500000010838
87.3750000001113
99.45000000011404
112.75000000011707
123.52500000011952
134.5000000001146
149.2250000001012
19.200000000099443
35.52500000009952
48.47500000010246
60.975000000105304
74.6250000001084
87.47500000011132
99.52500000011406
112.8750000001171
123.85000000011959
134.70000000011441
149.3250000001011
19.150000000099446
35.4500000000995
48.42500000010245
61.025000000105315
74.55000000010838
87.45000000011132
99.55000000011407
112.80000000011708
123.72500000011956
134.57500000011453
149.27500000010116
19.175000000099445
35.52500000009952
48.50000000010247
61.025000000105315
74.6250000001084
87.45000000011132
99.55000000011407
112.8750000001171
123.85000000011959
134.57500000011453
149.3250000001011
19.07500000009945
35.40000000009949
48.400000000102445
60.975000000105304
74.52500000010838
87.4000000001113
99.50000000011406
112.77500000011707
123.62500000011954
134.52500000011457
149.25000000010118
19.225000000099442
35.55000000009952
48.50000000010247
61.05000000010532
74.6500000001084
87.47500000011132
99.55000000011407
112.9000000001171
123.80000000011958
134.57500000011453
149.3250000001011
19.150000000099446
35.4500000000995
48.450000000102456
61.025000000105315
74.57500000010839
87.42500000011131
99.50000000011406
112.82500000011709
123.60000000011954
134.5000000001146
149.27500000010116
19.150000000099446
35.475000000099506
48.42500000010245
60.92500000010529
74.57500000010839
87.42500000011131
99.45000000011404
112.80000000011708
123.57500000011953
134.6000000001145
149.27500000010116
19.150000000099446
35.50000000009951
48.47500000010246
61.00000000010531
74.6000000001084
87.42500000011131
99.52500000011406
112.85000000011709
123.65000000011955
134.6000000001145
149.27500000010116
19.175000000099445
35.4500000000995
48.450000000102456
61.00000000010531
74.55000000010838
87.45000000011132
99.55000000011407
112.82500000011709
123.77500000011958
134.52500000011457
149.30000000010114
