14.975000000099683
17.100000000099563
18.1750000000995
31.800000000098727
34.325000000099244
47.37500000010221
59.350000000104934
72.10000000010783
73.60000000010817
86.40000000011108
98.52500000011383
111.52500000011679
122.77500000011935
129.50000000011914
147.27500000010298
148.55000000010182
14.925000000099686
17.075000000099564
18.1750000000995
32.07500000009873
34.47500000009928
47.350000000102206
59.30000000010492
72.02500000010781
73.55000000010816
86.30000000011105
98.47500000011382
111.50000000011678
122.62500000011931
129.17500000011944
147.32500000010293
148.60000000010177
14.925000000099686
17.075000000099564
18.150000000099503
32.32500000009879
34.52500000009929
47.37500000010221
59.350000000104934
72.30000000010787
73.70000000010819
86.40000000011108
98.52500000011383
111.5500000001168
122.70000000011933
129.52500000011912
147.42500000010284
15.000000000099682
17.250000000099554
32.40000000009881
34.52500000009929
47.3250000001022
59.27500000010492
72.07500000010782
73.57500000010816
86.32500000011106
98.50000000011383
111.45000000011677
122.62500000011931
130.30000000011842
132.47500000011644
147.20000000010305
148.50000000010186
14.925000000099686
17.050000000099566
18.100000000099506
31.90000000009872
34.47500000009928
47.37500000010221
59.350000000104934
72.35000000010788
73.7250000001082
86.40000000011108
98.52500000011383
111.5750000001168
122.70000000011933
129.67500000011898
132.00000000011687
147.60000000010268
14.975000000099683
17.200000000099557
32.05000000009873
34.52500000009929
47.37500000010221
59.32500000010493
72.10000000010783
73.60000000010817
86.37500000011107
98.55000000011384
111.47500000011678
122.70000000011933
130.35000000011837
132.97500000011598
147.42500000010284
148.6750000001017
14.975000000099683
17.12500000009956
31.800000000098727
33.850000000099136
47.350000000102206
59.30000000010492
72.02500000010781
73.57500000010816
86.30000000011105
98.42500000011381
111.52500000011679
122.70000000011933
131.6250000001172
133.3000000001157
147.250000000103
148.55000000010182
14.950000000099685
16.97500000009957
18.05000000009951
33.12500000009897
34.70000000009933
47.350000000102206
59.350000000104934
72.20000000010785
73.65000000010818
86.35000000011107
98.45000000011382
111.52500000011679
122.70000000011933
129.40000000011923
147.45000000010282
14.925000000099686
17.00000000009957
18.075000000099507
32.175000000098755
34.52500000009929
47.350000000102206
59.32500000010493
72.32500000010788
73.70000000010819
86.40000000011108
98.50000000011383
111.52500000011679
122.70000000011933
129.4250000001192
131.32500000011748
147.4750000001028
14.950000000099685
17.12500000009956
32.62500000009886
34.60000000009931
47.350000000102206
59.225000000104906
72.20000000010785
73.62500000010817
86.37500000011107
98.50000000011383
111.50000000011678
122.75000000011934
129.4250000001192
131.60000000011723
147.40000000010286
148.65000000010173
14.925000000099686
17.00000000009957
18.05000000009951
32.62500000009886
34.5750000000993
47.3250000001022
59.30000000010492
72.10000000010783
73.60000000010817
86.35000000011107
98.55000000011384
111.50000000011678
122.77500000011935
129.27500000011935
147.27500000010298
148.55000000010182
14.950000000099685
17.200000000099557
32.27500000009878
34.500000000099284
47.3250000001022
59.30000000010492
72.20000000010785
73.62500000010817
86.30000000011105
98.42500000011381
111.50000000011678
122.62500000011931
129.4250000001192
147.45000000010282
14.950000000099685
16.97500000009957
18.02500000009951
33.100000000098966
34.70000000009933
47.3250000001022
59.30000000010492
72.07500000010782
73.60000000010817
86.30000000011105
98.42500000011381
111.50000000011678
122.65000000011932
129.30000000011933
147.20000000010305
148.50000000010186
15.05000000009968
17.400000000099546
31.92500000009872
34.22500000009922
47.37500000010221
59.350000000104934
71.85000000010777
73.47500000010814
86.17500000011103
98.42500000011381
111.5500000001168
122.5500000001193
129.25000000011937
146.9250000001033
148.32500000010202
14.900000000099688
17.275000000099553
32.32500000009879
34.45000000009927
47.42500000010222
59.45000000010496
72.37500000010789
73.7500000001082
86.37500000011107
98.52500000011383
111.62500000011681
122.82500000011936
130.12500000011858
132.1750000001167
147.55000000010273
15.05000000009968
17.17500000009956
32.67500000009887
34.60000000009931
47.37500000010221
59.37500000010494
72.20000000010785
73.65000000010818
86.37500000011107
98.55000000011384
111.50000000011678
122.70000000011933
130.80000000011796
132.65000000011628
147.40000000010286
148.6750000001017
15.000000000099682
17.15000000009956
32.55000000009884
34.5750000000993
47.300000000102195
59.32500000010493
71.9750000001078
73.52500000010815
86.32500000011106
98.3500000001138
111.50000000011678
122.65000000011932
129.57500000011908
131.57500000011726
133.3000000001157
147.3750000001029
148.62500000010175
15.02500000009968
17.30000000009955
32.750000000098886
34.62500000009931
47.37500000010221
59.37500000010494
72.30000000010787
73.70000000010819
86.40000000011108
98.55000000011384
111.52500000011679
122.75000000011934
129.47500000011917
147.45000000010282
15.075000000099678
17.375000000099547
31.92500000009872
34.500000000099284
47.42500000010222
59.400000000104946
72.30000000010787
73.7250000001082
86.42500000011108
98.60000000011385
111.5750000001168
122.70000000011933
129.9750000001187
132.1750000001167
147.50000000010277
14.950000000099685
17.225000000099556
31.800000000098727
34.17500000009921
47.3250000001022
59.32500000010493
72.10000000010783
73.60000000010817
86.37500000011107
98.47500000011382
111.50000000011678
122.65000000011932
129.50000000011914
131.5250000001173
147.3500000001029
148.62500000010175
15.000000000099682
17.12500000009956
31.92500000009872
34.47500000009928
47.40000000010222
59.37500000010494
72.22500000010785
73.67500000010818
86.37500000011107
98.47500000011382
111.5750000001168
122.67500000011933
129.37500000011926
131.45000000011737
147.4750000001028
15.000000000099682
17.15000000009956
34.47500000009928
47.37500000010221
59.37500000010494
72.17500000010784
73.65000000010818
86.40000000011108
98.52500000011383
111.5750000001168
122.72500000011934
130.22500000011848
132.47500000011644
147.52500000010275
14.950000000099685
17.100000000099563
32.62500000009886
34.52500000009929
47.37500000010221
59.350000000104934
72.22500000010785
73.65000000010818
86.37500000011107
98.47500000011382
111.5750000001168
122.70000000011933
129.27500000011935
147.52500000010275
14.900000000099688
17.225000000099556
32.10000000009874
34.500000000099284
47.37500000010221
59.30000000010492
72.30000000010787
73.70000000010819
86.42500000011108
98.55000000011384
111.5500000001168
122.72500000011934
131.95000000011692
133.52500000011548
147.3750000001029
148.65000000010173
14.925000000099686
17.050000000099566
18.125000000099504
32.07500000009873
34.500000000099284
47.300000000102195
59.25000000010491
72.02500000010781
73.55000000010816
86.30000000011105
98.47500000011382
111.42500000011677
122.60000000011931
129.92500000011876
131.77500000011707
147.20000000010305
148.50000000010186
15.02500000009968
17.250000000099554
33.6750000000991
47.3250000001022
59.25000000010491
71.9750000001078
73.57500000010816
86.32500000011106
98.47500000011382
111.47500000011678
122.65000000011932
129.95000000011873
131.850000000117
146.95000000010327
148.37500000010198
14.950000000099685
17.100000000099563
18.1750000000995
32.27500000009878
34.60000000009931
47.37500000010221
59.350000000104934
72.15000000010784
73.62500000010817
86.40000000011108
98.47500000011382
111.52500000011679
122.75000000011934
129.2250000001194
147.40000000010286
148.6750000001017
14.975000000099683
17.425000000099544
32.925000000098926
34.65000000009932
47.40000000010222
59.350000000104934
72.4500000001079
73.77500000010821
86.40000000011108
98.55000000011384
111.5750000001168
122.70000000011933
129.37500000011926
147.42500000010284
14.975000000099683
17.00000000009957
18.075000000099507
31.975000000098717
34.42500000009927
47.350000000102206
59.30000000010492
72.10000000010783
73.60000000010817
86.30000000011105
98.45000000011382
111.52500000011679
122.65000000011932
129.52500000011912
131.80000000011705
147.50000000010277
14.950000000099685
17.075000000099564
18.1750000000995
33.050000000098954
34.65000000009932
47.40000000010222
59.37500000010494
72.4000000001079
73.7500000001082
86.40000000011108
98.50000000011383
111.5750000001168
122.80000000011935
129.85000000011883
131.6500000001172
147.5750000001027
14.925000000099686
17.12500000009956
18.2000000000995
32.97500000009894
34.725000000099335
47.42500000010222
59.32500000010493
72.27500000010787
73.7250000001082
86.45000000011109
98.62500000011386
111.5750000001168
122.82500000011936
129.67500000011898
131.6250000001172
147.60000000010268
15.02500000009968
17.15000000009956
32.50000000009883
34.5750000000993
47.3250000001022
59.30000000010492
71.9750000001078
73.55000000010816
86.32500000011106
98.47500000011382
111.47500000011678
122.70000000011933
131.77500000011707
133.32500000011566
147.20000000010305
148.50000000010186
15.02500000009968
17.15000000009956
32.05000000009873
34.550000000099296
47.40000000010222
59.37500000010494
72.22500000010785
73.67500000010818
86.45000000011109
98.60000000011385
111.5750000001168
122.80000000011935
129.80000000011887
131.80000000011705
147.50000000010277
14.975000000099683
17.30000000009955
31.975000000098717
34.40000000009926
47.350000000102206
59.32500000010493
72.12500000010783
73.62500000010817
86.37500000011107
98.57500000011385
111.5500000001168
122.75000000011934
130.92500000011785
132.82500000011612
147.42500000010284
148.70000000010168
14.950000000099685
17.100000000099563
18.2000000000995
34.45000000009927
47.3250000001022
59.32500000010493
72.05000000010781
73.57500000010816
86.37500000011107
98.45000000011382
111.50000000011678
122.67500000011933
129.2250000001194
147.250000000103
148.55000000010182
14.975000000099683
17.17500000009956
32.925000000098926
34.60000000009931
47.3250000001022
59.30000000010492
71.95000000010779
73.52500000010815
86.17500000011103
98.3500000001138
111.52500000011679
122.65000000011932
129.52500000011912
131.40000000011742
147.00000000010323
148.37500000010198
14.950000000099685
17.100000000099563
18.150000000099503
32.07500000009873
34.5750000000993
47.42500000010222
59.350000000104934
72.17500000010784
73.67500000010818
86.42500000011108
98.57500000011385
111.5750000001168
122.70000000011933
129.40000000011923
147.50000000010277
15.02500000009968
17.450000000099543
32.32500000009879
34.52500000009929
47.350000000102206
59.30000000010492
72.30000000010787
73.67500000010818
86.40000000011108
98.55000000011384
111.52500000011679
122.72500000011934
129.4250000001192
131.6500000001172
133.35000000011564
147.50000000010277
15.02500000009968
17.275000000099553
32.72500000009888
34.62500000009931
47.40000000010222
59.400000000104946
72.4250000001079
73.80000000010821
86.45000000011109
98.55000000011384
111.60000000011681
122.77500000011935
129.40000000011923
147.72500000010257
14.925000000099686
17.075000000099564
18.150000000099503
32.05000000009873
34.52500000009929
47.3250000001022
59.27500000010492
71.92500000010779
73.52500000010815
86.27500000011105
98.45000000011382
111.47500000011678
122.65000000011932
129.5500000001191
146.97500000010325
148.37500000010198
15.05000000009968
17.30000000009955
32.15000000009875
34.550000000099296
47.40000000010222
59.37500000010494
72.32500000010788
73.7250000001082
86.42500000011108
98.4000000001138
111.60000000011681
122.70000000011933
129.85000000011883
131.77500000011707
147.4750000001028
15.02500000009968
17.225000000099556
31.825000000098726
34.35000000009925
47.350000000102206
59.350000000104934
72.05000000010781
73.57500000010816
86.35000000011107
98.52500000011383
111.52500000011679
122.70000000011933
130.62500000011812
132.7250000001162
147.1250000001031
148.4500000001019
14.975000000099683
16.97500000009957
18.05000000009951
32.67500000009887
34.5750000000993
47.350000000102206
59.350000000104934
72.15000000010784
73.62500000010817
86.40000000011108
98.50000000011383
111.52500000011679
122.67500000011933
129.92500000011876
131.95000000011692
147.60000000010268
14.950000000099685
17.400000000099546
32.22500000009877
34.45000000009927
47.3250000001022
59.25000000010491
72.20000000010785
73.62500000010817
86.30000000011105
98.45000000011382
111.52500000011679
122.65000000011932
130.07500000011862
132.00000000011687
147.250000000103
148.52500000010184
14.975000000099683
17.100000000099563
18.1750000000995
32.350000000098795
34.550000000099296
47.37500000010221
59.32500000010493
72.22500000010785
73.67500000010818
86.35000000011107
98.50000000011383
111.52500000011679
122.65000000011932
129.4500000001192
147.45000000010282
15.02500000009968
17.50000000009954
32.525000000098835
34.5750000000993
47.40000000010222
59.42500000010495
72.30000000010787
73.7250000001082
86.40000000011108
98.50000000011383
111.60000000011681
122.60000000011931
129.47500000011917
131.35000000011746
147.3500000001029
148.62500000010175
14.975000000099683
17.12500000009956
32.8250000000989
34.70000000009933
47.37500000010221
59.27500000010492
72.37500000010789
73.7500000001082
86.4750000001111
98.65000000011386
111.52500000011679
122.85000000011937
132.42500000011648
133.77500000011526
147.7000000001026
14.975000000099683
17.32500000009955
32.07500000009873
34.550000000099296
47.350000000102206
59.350000000104934
72.37500000010789
73.7500000001082
86.45000000011109
98.50000000011383
111.52500000011679
122.72500000011934
129.47500000011917
131.45000000011737
147.60000000010268
14.975000000099683
17.250000000099554
31.90000000009872
34.375000000099256
47.3250000001022
59.350000000104934
71.95000000010779
73.50000000010814
86.22500000011104
98.4000000001138
111.47500000011678
122.65000000011932
129.27500000011935
147.1250000001031
148.4500000001019
15.000000000099682
17.50000000009954
32.575000000098846
34.550000000099296
47.40000000010222
59.400000000104946
72.55000000010793
73.85000000010822
86.4750000001111
98.50000000011383
111.60000000011681
122.70000000011933
129.7750000001189
131.70000000011714
147.62500000010266
14.950000000099685
17.225000000099556
32.300000000098784
34.60000000009931
47.350000000102206
59.30000000010492
72.32500000010788
73.70000000010819
86.42500000011108
98.52500000011383
111.50000000011678
122.70000000011933
130.40000000011833
132.70000000011623
147.52500000010275
14.925000000099686
17.025000000099567
18.075000000099507
32.700000000098875
34.5750000000993
47.40000000010222
59.42500000010495
72.15000000010784
73.65000000010818
86.35000000011107
98.45000000011382
111.60000000011681
122.70000000011933
129.650000000119
131.72500000011712
147.3500000001029
148.65000000010173
15.05000000009968
17.15000000009956
32.07500000009873
34.52500000009929
47.37500000010221
59.400000000104946
72.25000000010786
73.70000000010819
86.40000000011108
98.57500000011385
111.5500000001168
122.70000000011933
132.15000000011673
133.60000000011541
147.4750000001028
148.75000000010164
15.02500000009968
17.375000000099547
32.97500000009894
34.62500000009931
47.37500000010221
59.350000000104934
72.27500000010787
73.70000000010819
86.40000000011108
98.47500000011382
111.5500000001168
122.65000000011932
129.17500000011944
147.22500000010302
148.52500000010184
14.950000000099685
17.025000000099567
18.150000000099503
32.15000000009875
34.47500000009928
47.27500000010219
59.27500000010492
72.12500000010783
73.60000000010817
86.27500000011105
98.3750000001138
111.50000000011678
122.62500000011931
129.95000000011873
132.02500000011685
147.52500000010275
14.975000000099683
17.12500000009956
18.2250000000995
32.10000000009874
34.500000000099284
47.37500000010221
59.350000000104934
72.27500000010787
73.70000000010819
86.40000000011108
98.52500000011383
111.5500000001168
122.70000000011933
129.85000000011883
132.12500000011676
147.42500000010284
148.6750000001017
14.975000000099683
17.200000000099557
34.375000000099256
47.3250000001022
59.32500000010493
72.30000000010787
73.70000000010819
86.40000000011108
98.50000000011383
111.52500000011679
122.70000000011933
129.95000000011873
132.32500000011657
147.6750000001026
15.05000000009968
17.375000000099547
33.750000000099114
47.350000000102206
59.30000000010492
72.17500000010784
73.65000000010818
86.42500000011108
98.57500000011385
111.52500000011679
122.77500000011935
129.72500000011894
131.67500000011717
147.42500000010284
148.6750000001017
15.000000000099682
17.12500000009956
18.2000000000995
32.175000000098755
34.550000000099296
47.40000000010222
59.400000000104946
72.37500000010789
73.7500000001082
86.5000000001111
98.62500000011386
111.5500000001168
122.75000000011934
129.3250000001193
147.60000000010268
15.000000000099682
17.15000000009956
32.3750000000988
34.52500000009929
47.300000000102195
59.27500000010492
72.02500000010781
73.55000000010816
86.22500000011104
98.42500000011381
111.45000000011677
122.5750000001193
131.1000000001177
132.8500000001161
147.10000000010314
148.42500000010193
14.950000000099685
17.075000000099564
18.150000000099503
32.175000000098755
34.52500000009929
47.350000000102206
59.30000000010492
72.05000000010781
73.60000000010817
86.37500000011107
98.47500000011382
111.5500000001168
122.62500000011931
131.32500000011748
133.05000000011592
147.250000000103
148.55000000010182
14.900000000099688
16.95000000009957
18.02500000009951
32.05000000009873
34.47500000009928
47.40000000010222
59.350000000104934
72.05000000010781
73.62500000010817
86.32500000011106
98.47500000011382
111.5500000001168
122.65000000011932
129.27500000011935
147.30000000010295
148.5750000001018
14.925000000099686
16.97500000009957
18.05000000009951
33.15000000009898
34.725000000099335
47.37500000010221
59.32500000010493
72.25000000010786
73.70000000010819
86.40000000011108
98.55000000011384
111.5750000001168
122.82500000011936
129.70000000011896
131.6500000001172
147.52500000010275
14.975000000099683
17.15000000009956
32.32500000009879
34.550000000099296
47.350000000102206
59.30000000010492
72.07500000010782
73.57500000010816
86.35000000011107
98.55000000011384
111.50000000011678
122.72500000011934
129.5500000001191
131.57500000011726
147.3750000001029
148.65000000010173
14.900000000099688
16.97500000009957
18.05000000009951
31.825000000098726
34.30000000009924
47.37500000010221
59.30000000010492
72.35000000010788
73.7250000001082
86.4750000001111
98.70000000011387
111.47500000011678
122.80000000011935
129.85000000011883
131.82500000011703
147.5750000001027
14.925000000099686
17.050000000099566
18.150000000099503
33.32500000009902
34.75000000009934
47.300000000102195
59.30000000010492
72.12500000010783
73.57500000010816
86.32500000011106
98.42500000011381
111.45000000011677
122.67500000011933
129.650000000119
131.92500000011694
147.45000000010282
14.975000000099683
16.97500000009957
18.075000000099507
32.700000000098875
34.65000000009932
47.3250000001022
59.30000000010492
72.07500000010782
73.57500000010816
86.32500000011106
98.50000000011383
111.47500000011678
122.82500000011936
129.47500000011917
132.05000000011682
147.4750000001028
15.000000000099682
17.32500000009955
33.00000000009894
34.675000000099324
47.3250000001022
59.30000000010492
72.4000000001079
73.7500000001082
86.45000000011109
98.62500000011386
111.50000000011678
122.75000000011934
129.52500000011912
131.67500000011717
147.5750000001027
15.000000000099682
17.225000000099556
31.850000000098724
34.25000000009923
47.350000000102206
59.350000000104934
72.22500000010785
73.65000000010818
86.35000000011107
98.47500000011382
111.52500000011679
122.65000000011932
129.75000000011892
131.6250000001172
147.42500000010284
14.975000000099683
17.15000000009956
32.25000000009877
34.500000000099284
47.300000000102195
59.32500000010493
72.07500000010782
73.57500000010816
86.30000000011105
98.42500000011381
111.47500000011678
122.72500000011934
129.17500000011944
147.10000000010314
148.42500000010193
14.925000000099686
16.925000000099573
18.00000000009951
31.95000000009872
34.52500000009929
47.40000000010222
59.350000000104934
72.07500000010782
73.62500000010817
86.35000000011107
98.47500000011382
111.5500000001168
122.77500000011935
129.50000000011914
147.3500000001029
148.62500000010175
14.950000000099685
17.32500000009955
32.07500000009873
34.500000000099284
47.300000000102195
59.25000000010491
71.90000000010778
73.50000000010814
86.22500000011104
98.52500000011383
111.45000000011677
122.65000000011932
129.47500000011917
131.6500000001172
147.1500000001031
148.4750000001019
14.950000000099685
17.025000000099567
18.100000000099506
32.750000000098886
34.65000000009932
47.45000000010223
59.400000000104946
72.27500000010787
73.7250000001082
86.4750000001111
98.62500000011386
111.62500000011681
122.77500000011935
132.27500000011662
133.70000000011532
147.52500000010275
14.925000000099686
17.200000000099557
32.3750000000988
34.500000000099284
47.3250000001022
59.30000000010492
72.07500000010782
73.55000000010816
86.30000000011105
98.45000000011382
111.47500000011678
122.67500000011933
129.62500000011903
131.6500000001172
147.250000000103
148.52500000010184
14.950000000099685
17.00000000009957
18.075000000099507
32.3750000000988
34.5750000000993
47.350000000102206
59.30000000010492
72.05000000010781
73.60000000010817
86.30000000011105
98.50000000011383
111.50000000011678
122.70000000011933
129.50000000011914
131.4250000001174
147.30000000010295
148.5750000001018
14.950000000099685
17.200000000099557
32.77500000009889
34.62500000009931
47.40000000010222
59.32500000010493
72.25000000010786
73.67500000010818
86.40000000011108
98.55000000011384
111.52500000011679
122.72500000011934
130.07500000011862
132.32500000011657
147.4750000001028
14.975000000099683
17.32500000009955
32.10000000009874
34.52500000009929
47.37500000010221
59.350000000104934
72.30000000010787
73.70000000010819
86.42500000011108
98.60000000011385
111.52500000011679
122.77500000011935
129.8750000001188
132.50000000011642
147.55000000010273
15.000000000099682
17.225000000099556
32.575000000098846
34.60000000009931
47.350000000102206
59.32500000010493
72.12500000010783
73.60000000010817
86.32500000011106
98.62500000011386
111.50000000011678
122.80000000011935
130.05000000011864
131.9750000001169
147.30000000010295
148.60000000010177
14.950000000099685
17.200000000099557
32.15000000009875
34.500000000099284
47.350000000102206
59.32500000010493
72.12500000010783
73.62500000010817
86.35000000011107
98.50000000011383
111.52500000011679
122.72500000011934
129.35000000011928
132.0750000001168
147.3750000001029
148.65000000010173
14.950000000099685
17.12500000009956
18.2000000000995
32.175000000098755
34.47500000009928
47.350000000102206
59.37500000010494
72.12500000010783
73.62500000010817
86.37500000011107
98.45000000011382
111.52500000011679
122.65000000011932
129.30000000011933
132.00000000011687
147.4750000001028
14.950000000099685
17.050000000099566
33.00000000009894
34.60000000009931
47.25000000010218
59.225000000104906
71.90000000010778
73.47500000010814
86.17500000011103
98.32500000011379
111.40000000011676
122.52500000011929
130.35000000011837
132.70000000011623
147.05000000010318
148.37500000010198
14.900000000099688
16.95000000009957
18.02500000009951
32.000000000098716
34.550000000099296
47.42500000010222
59.350000000104934
72.37500000010789
73.77500000010821
86.45000000011109
98.60000000011385
111.60000000011681
122.75000000011934
129.70000000011896
131.7500000001171
147.77500000010252
14.87500000009969
17.025000000099567
18.100000000099506
31.92500000009872
34.375000000099256
47.350000000102206
59.32500000010493
72.12500000010783
73.62500000010817
86.40000000011108
98.52500000011383
111.50000000011678
122.75000000011934
129.75000000011892
131.80000000011705
147.30000000010295
148.5750000001018
14.925000000099686
17.200000000099557
34.52500000009929
47.40000000010222
59.30000000010492
72.02500000010781
73.60000000010817
86.37500000011107
98.50000000011383
111.5750000001168
122.72500000011934
129.5500000001191
131.7500000001171
147.30000000010295
148.5750000001018
15.000000000099682
17.30000000009955
32.125000000098744
34.40000000009926
47.350000000102206
59.30000000010492
72.12500000010783
73.57500000010816
86.27500000011105
98.45000000011382
111.50000000011678
122.70000000011933
129.7750000001189
131.70000000011714
147.250000000103
148.55000000010182
15.000000000099682
17.275000000099553
32.15000000009875
34.52500000009929
47.3250000001022
59.30000000010492
72.20000000010785
73.65000000010818
86.35000000011107
98.42500000011381
111.52500000011679
122.67500000011933
129.52500000011912
147.42500000010284
15.000000000099682
17.15000000009956
32.22500000009877
34.500000000099284
47.37500000010221
59.37500000010494
72.20000000010785
73.67500000010818
86.35000000011107
98.4000000001138
111.60000000011681
122.62500000011931
129.3250000001193
147.52500000010275
15.000000000099682
17.12500000009956
18.1750000000995
32.000000000098716
34.47500000009928
47.42500000010222
59.400000000104946
72.05000000010781
73.60000000010817
86.27500000011105
98.47500000011382
111.60000000011681
122.72500000011934
129.3250000001193
147.32500000010293
148.62500000010175
15.000000000099682
17.225000000099556
32.40000000009881
34.5750000000993
47.300000000102195
59.25000000010491
71.95000000010779
73.52500000010815
86.27500000011105
98.52500000011383
111.47500000011678
122.70000000011933
129.4500000001192
147.250000000103
148.55000000010182
14.975000000099683
17.15000000009956
32.15000000009875
34.550000000099296
47.37500000010221
59.30000000010492
72.15000000010784
73.62500000010817
86.42500000011108
98.52500000011383
111.50000000011678
122.72500000011934
129.15000000011946
147.3750000001029
148.62500000010175
14.975000000099683
17.47500000009954
32.22500000009877
34.500000000099284
47.37500000010221
59.350000000104934
72.07500000010782
73.60000000010817
86.30000000011105
98.47500000011382
111.52500000011679
122.67500000011933
129.30000000011933
147.17500000010307
148.50000000010186
14.975000000099683
17.00000000009957
18.05000000009951
32.125000000098744
34.47500000009928
47.350000000102206
59.350000000104934
72.17500000010784
73.65000000010818
86.37500000011107
98.47500000011382
111.5500000001168
122.62500000011931
129.4250000001192
147.22500000010302
148.50000000010186
14.975000000099683
17.12500000009956
18.2250000000995
34.375000000099256
47.350000000102206
59.32500000010493
71.95000000010779
73.55000000010816
86.27500000011105
98.47500000011382
111.50000000011678
122.70000000011933
129.12500000011948
147.10000000010314
148.4500000001019
14.975000000099683
17.17500000009956
32.85000000009891
34.65000000009932
47.40000000010222
59.37500000010494
72.10000000010783
73.62500000010817
86.40000000011108
98.55000000011384
111.5500000001168
122.70000000011933
130.05000000011864
131.9750000001169
147.32500000010293
148.60000000010177
15.02500000009968
17.30000000009955
32.15000000009875
34.550000000099296
47.40000000010222
59.37500000010494
72.20000000010785
73.65000000010818
86.40000000011108
98.52500000011383
111.5500000001168
122.67500000011933
132.25000000011664
133.6250000001154
147.32500000010293
148.60000000010177
14.950000000099685
17.100000000099563
32.22500000009877
34.47500000009928
47.350000000102206
59.32500000010493
72.15000000010784
73.62500000010817
86.30000000011105
98.42500000011381
111.50000000011678
122.65000000011932
129.50000000011914
147.3750000001029
15.02500000009968
17.225000000099556
31.90000000009872
34.325000000099244
47.37500000010221
59.30000000010492
72.32500000010788
73.7250000001082
86.45000000011109
98.57500000011385
111.52500000011679
122.75000000011934
129.47500000011917
131.80000000011705
133.5000000001155
147.60000000010268
14.975000000099683
17.15000000009956
32.475000000098824
34.5750000000993
47.350000000102206
59.32500000010493
72.05000000010781
73.57500000010816
86.30000000011105
98.50000000011383
111.52500000011679
122.67500000011933
129.4500000001192
131.5250000001173
147.27500000010298
148.55000000010182
15.075000000099678
17.375000000099547
31.92500000009872
34.40000000009926
47.3250000001022
59.32500000010493
72.20000000010785
73.65000000010818
86.37500000011107
98.42500000011381
111.5500000001168
122.65000000011932
129.40000000011923
147.27500000010298
148.5750000001018
14.950000000099685
17.025000000099567
18.075000000099507
32.125000000098744
34.52500000009929
47.3250000001022
59.30000000010492
72.05000000010781
73.57500000010816
86.35000000011107
98.45000000011382
111.47500000011678
122.67500000011933
129.30000000011933
147.42500000010284
14.925000000099686
16.95000000009957
18.02500000009951
32.45000000009882
34.60000000009931
47.40000000010222
59.350000000104934
71.9750000001078
73.55000000010816
86.35000000011107
98.45000000011382
111.5500000001168
122.70000000011933
130.2000000001185
132.1750000001167
147.20000000010305
148.50000000010186
14.87500000009969
16.82500000009958
17.900000000099517
33.250000000099
34.75000000009934
47.350000000102206
59.30000000010492
72.30000000010787
73.70000000010819
86.37500000011107
98.50000000011383
111.52500000011679
122.77500000011935
130.15000000011855
132.15000000011673
147.65000000010264
14.900000000099688
16.875000000099575
17.950000000099514
34.45000000009927
47.3250000001022
59.225000000104906
71.95000000010779
73.50000000010814
86.30000000011105
98.42500000011381
111.42500000011677
122.60000000011931
129.50000000011914
131.67500000011717
147.250000000103
148.52500000010184
15.05000000009968
17.35000000009955
32.27500000009878
34.60000000009931
47.40000000010222
59.350000000104934
72.25000000010786
73.70000000010819
86.4750000001111
98.57500000011385
111.5750000001168
122.72500000011934
130.47500000011826
132.7250000001162
147.4750000001028
148.72500000010166
14.925000000099686
16.97500000009957
18.05000000009951
33.6750000000991
35.0250000000994
47.350000000102206
59.37500000010494
72.12500000010783
73.62500000010817
86.42500000011108
98.50000000011383
111.52500000011679
122.77500000011935
129.15000000011946
147.40000000010286
148.6750000001017
15.05000000009968
17.275000000099553
32.40000000009881
34.5750000000993
47.300000000102195
59.25000000010491
72.30000000010787
73.67500000010818
86.37500000011107
98.52500000011383
111.45000000011677
122.72500000011934
129.72500000011894
132.7250000001162
147.5750000001027
14.950000000099685
17.100000000099563
18.1750000000995
32.02500000009872
34.45000000009927
47.40000000010222
59.350000000104934
71.92500000010779
73.52500000010815
86.20000000011103
98.3500000001138
111.5500000001168
122.62500000011931
132.0750000001168
133.55000000011546
147.17500000010307
148.50000000010186
15.02500000009968
17.275000000099553
32.125000000098744
34.60000000009931
47.45000000010223
59.37500000010494
72.37500000010789
73.77500000010821
86.5250000001111
98.65000000011386
111.60000000011681
122.75000000011934
129.4250000001192
147.4750000001028
148.72500000010166
14.925000000099686
16.97500000009957
18.02500000009951
31.800000000098727
34.375000000099256
47.40000000010222
59.32500000010493
72.02500000010781
73.57500000010816
86.32500000011106
98.50000000011383
111.5500000001168
122.70000000011933
129.70000000011896
131.5250000001173
147.27500000010298
148.55000000010182
14.950000000099685
17.100000000099563
32.40000000009881
34.550000000099296
47.300000000102195
59.27500000010492
72.02500000010781
73.57500000010816
86.32500000011106
98.4000000001138
111.50000000011678
122.72500000011934
129.80000000011887
132.05000000011682
147.3500000001029
148.65000000010173
14.975000000099683
17.17500000009956
32.350000000098795
34.500000000099284
47.3250000001022
59.350000000104934
72.07500000010782
73.57500000010816
86.32500000011106
98.42500000011381
111.52500000011679
122.60000000011931
129.37500000011926
147.27500000010298
148.55000000010182
14.950000000099685
17.15000000009956
34.45000000009927
47.37500000010221
59.32500000010493
72.30000000010787
73.70000000010819
86.42500000011108
98.57500000011385
111.5750000001168
122.70000000011933
129.75000000011892
132.45000000011646
147.72500000010257
14.975000000099683
17.250000000099554
33.625000000099085
34.95000000009939
47.45000000010223
59.42500000010495
72.4250000001079
73.80000000010821
86.5250000001111
98.55000000011384
111.65000000011682
122.75000000011934
129.3250000001193
147.85000000010245
14.950000000099685
17.050000000099566
18.1750000000995
32.60000000009885
34.550000000099296
47.3250000001022
59.30000000010492
72.22500000010785
73.62500000010817
86.35000000011107
98.50000000011383
111.50000000011678
122.72500000011934
129.4250000001192
147.40000000010286
14.925000000099686
17.100000000099563
18.1750000000995
32.10000000009874
34.47500000009928
47.40000000010222
59.400000000104946
72.12500000010783
73.62500000010817
86.40000000011108
98.52500000011383
111.5500000001168
122.72500000011934
129.4250000001192
131.47500000011735
147.40000000010286
148.6750000001017
14.975000000099683
17.225000000099556
32.40000000009881
34.52500000009929
47.3250000001022
59.32500000010493
71.9750000001078
73.55000000010816
86.30000000011105
98.42500000011381
111.52500000011679
122.60000000011931
129.50000000011914
131.72500000011712
133.4000000001156
147.30000000010295
148.5750000001018
14.900000000099688
17.075000000099564
18.150000000099503
32.525000000098835
34.550000000099296
47.300000000102195
59.32500000010493
72.05000000010781
73.57500000010816
86.30000000011105
98.42500000011381
111.47500000011678
122.62500000011931
129.82500000011885
132.0750000001168
147.10000000010314
148.4500000001019
14.950000000099685
17.250000000099554
33.050000000098954
34.70000000009933
47.3250000001022
59.32500000010493
72.22500000010785
73.65000000010818
86.35000000011107
98.45000000011382
111.52500000011679
122.67500000011933
129.95000000011873
132.3000000001166
147.4750000001028
14.950000000099685
17.200000000099557
32.62500000009886
34.550000000099296
47.37500000010221
59.350000000104934
72.17500000010784
73.65000000010818
86.32500000011106
98.47500000011382
111.5500000001168
122.70000000011933
129.80000000011887
131.6250000001172
147.17500000010307
148.50000000010186
14.950000000099685
17.17500000009956
34.47500000009928
47.3250000001022
59.27500000010492
72.0000000001078
73.52500000010815
86.25000000011104
98.47500000011382
111.45000000011677
122.67500000011933
129.72500000011894
132.1750000001167
147.17500000010307
148.50000000010186
14.950000000099685
17.200000000099557
32.67500000009887
34.5750000000993
47.37500000010221
59.32500000010493
72.17500000010784
73.62500000010817
86.37500000011107
98.50000000011383
111.52500000011679
122.67500000011933
129.8750000001188
131.70000000011714
147.32500000010293
148.5750000001018
15.075000000099678
17.375000000099547
32.02500000009872
34.550000000099296
47.40000000010222
59.37500000010494
72.35000000010788
73.7500000001082
86.5000000001111
98.57500000011385
111.5500000001168
122.75000000011934
129.57500000011908
131.80000000011705
147.62500000010266
14.975000000099683
17.075000000099564
18.150000000099503
32.25000000009877
34.52500000009929
47.40000000010222
59.400000000104946
72.37500000010789
73.7500000001082
86.40000000011108
98.50000000011383
111.5500000001168
122.72500000011934
129.57500000011908
131.55000000011728
147.55000000010273
14.975000000099683
17.025000000099567
18.100000000099506
32.32500000009879
34.62500000009931
47.42500000010222
59.37500000010494
72.25000000010786
73.7250000001082
86.5000000001111
98.60000000011385
111.5750000001168
122.80000000011935
129.3250000001193
147.52500000010275
15.000000000099682
17.200000000099557
32.65000000009886
34.62500000009931
47.37500000010221
59.350000000104934
72.15000000010784
73.62500000010817
86.40000000011108
98.50000000011383
111.52500000011679
122.85000000011937
129.57500000011908
131.57500000011726
147.32500000010293
148.60000000010177
15.02500000009968
17.17500000009956
32.125000000098744
34.5750000000993
47.40000000010222
59.400000000104946
72.10000000010783
73.62500000010817
86.42500000011108
98.55000000011384
111.52500000011679
122.75000000011934
130.22500000011848
132.02500000011685
147.20000000010305
148.52500000010184
14.975000000099683
17.100000000099563
18.150000000099503
31.850000000098724
34.45000000009927
47.45000000010223
59.42500000010495
72.10000000010783
73.67500000010818
86.37500000011107
98.57500000011385
111.62500000011681
122.70000000011933
130.5250000001182
132.37500000011653
147.27500000010298
148.5750000001018
15.000000000099682
17.200000000099557
32.15000000009875
34.47500000009928
47.3250000001022
59.25000000010491
72.05000000010781
73.57500000010816
86.27500000011105
98.47500000011382
111.47500000011678
122.67500000011933
129.52500000011912
147.22500000010302
148.52500000010184
14.87500000009969
16.97500000009957
18.05000000009951
32.25000000009877
34.5750000000993
47.40000000010222
59.350000000104934
72.25000000010786
73.70000000010819
86.45000000011109
98.47500000011382
111.52500000011679
122.77500000011935
129.75000000011892
131.6500000001172
147.52500000010275
14.925000000099686
17.12500000009956
31.90000000009872
34.375000000099256
47.3250000001022
59.32500000010493
72.30000000010787
73.67500000010818
86.32500000011106
98.3750000001138
111.50000000011678
122.67500000011933
129.70000000011896
131.77500000011707
147.50000000010277
15.05000000009968
17.250000000099554
32.42500000009881
34.550000000099296
47.37500000010221
59.42500000010495
72.37500000010789
73.7500000001082
86.45000000011109
98.52500000011383
111.5750000001168
122.75000000011934
129.92500000011876
132.2000000001167
147.62500000010266
14.975000000099683
17.35000000009955
32.60000000009885
34.60000000009931
47.40000000010222
59.350000000104934
72.30000000010787
73.7250000001082
86.45000000011109
98.65000000011386
111.5500000001168
122.77500000011935
129.4500000001192
147.40000000010286
148.65000000010173
14.825000000099692
17.025000000099567
18.100000000099506
32.05000000009873
34.500000000099284
47.350000000102206
59.27500000010492
72.20000000010785
73.67500000010818
86.40000000011108
98.55000000011384
111.5500000001168
122.70000000011933
130.02500000011867
131.95000000011692
147.3750000001029
148.65000000010173
15.02500000009968
17.30000000009955
32.3750000000988
34.47500000009928
47.37500000010221
59.37500000010494
72.20000000010785
73.65000000010818
86.35000000011107
98.50000000011383
111.5500000001168
122.62500000011931
129.50000000011914
131.70000000011714
147.22500000010302
148.52500000010184
14.925000000099686
17.225000000099556
32.42500000009881
34.60000000009931
47.37500000010221
59.32500000010493
72.25000000010786
73.67500000010818
86.37500000011107
98.57500000011385
111.52500000011679
122.75000000011934
129.650000000119
131.67500000011717
147.5750000001027
15.000000000099682
17.050000000099566
18.125000000099504
34.47500000009928
47.3250000001022
59.350000000104934
72.0000000001078
73.55000000010816
86.22500000011104
98.45000000011382
111.50000000011678
122.65000000011932
129.27500000011935
131.37500000011744
147.1250000001031
148.4500000001019
14.975000000099683
17.075000000099564
32.300000000098784
34.47500000009928
47.300000000102195
59.30000000010492
72.07500000010782
73.57500000010816
86.30000000011105
98.42500000011381
111.50000000011678
122.62500000011931
129.2250000001194
147.22500000010302
148.50000000010186
15.000000000099682
17.15000000009956
33.60000000009908
34.95000000009939
47.40000000010222
59.400000000104946
72.20000000010785
73.70000000010819
86.42500000011108
98.60000000011385
111.60000000011681
122.72500000011934
129.62500000011903
131.50000000011732
147.45000000010282
148.72500000010166
14.975000000099683
17.17500000009956
32.27500000009878
34.500000000099284
47.37500000010221
59.350000000104934
72.15000000010784
73.62500000010817
86.40000000011108
98.45000000011382
111.5500000001168
122.72500000011934
129.67500000011898
131.5250000001173
147.4750000001028
14.975000000099683
17.15000000009956
32.575000000098846
34.52500000009929
47.350000000102206
59.25000000010491
71.92500000010779
73.50000000010814
86.15000000011102
98.45000000011382
111.50000000011678
122.65000000011932
130.17500000011853
132.4000000001165
147.17500000010307
148.50000000010186
15.02500000009968
17.52500000009954
32.45000000009882
34.62500000009931
47.40000000010222
59.45000000010496
72.72500000010797
86.4750000001111
98.60000000011385
111.5750000001168
122.77500000011935
129.650000000119
131.57500000011726
147.72500000010257
14.950000000099685
17.050000000099566
18.125000000099504
32.750000000098886
34.60000000009931
47.42500000010222
59.400000000104946
72.30000000010787
73.7250000001082
86.40000000011108
98.52500000011383
111.65000000011682
122.82500000011936
129.15000000011946
147.65000000010264
14.925000000099686
17.12500000009956
32.20000000009876
34.500000000099284
47.350000000102206
59.400000000104946
72.35000000010788
73.7250000001082
86.37500000011107
98.47500000011382
111.5500000001168
122.77500000011935
130.72500000011803
132.57500000011635
147.40000000010286
15.000000000099682
17.050000000099566
18.125000000099504
32.65000000009886
34.60000000009931
47.37500000010221
59.30000000010492
72.10000000010783
73.60000000010817
86.35000000011107
98.52500000011383
111.52500000011679
122.75000000011934
129.3250000001193
147.40000000010286
148.6750000001017
14.975000000099683
17.100000000099563
18.2000000000995
34.500000000099284
47.37500000010221
59.32500000010493
72.20000000010785
73.67500000010818
86.37500000011107
98.47500000011382
111.5750000001168
122.67500000011933
129.85000000011883
131.95000000011692
147.4750000001028
15.02500000009968
17.275000000099553
32.125000000098744
34.5750000000993
47.3250000001022
59.30000000010492
72.15000000010784
73.62500000010817
86.42500000011108
98.47500000011382
111.45000000011677
122.72500000011934
129.30000000011933
147.32500000010293
148.5750000001018
14.85000000009969
17.00000000009957
18.075000000099507
31.90000000009872
34.45000000009927
47.37500000010221
59.350000000104934
72.15000000010784
73.62500000010817
86.42500000011108
98.60000000011385
111.5500000001168
122.72500000011934
129.52500000011912
131.87500000011698
133.52500000011548
147.45000000010282
148.70000000010168
14.950000000099685
17.025000000099567
18.100000000099506
33.20000000009899
34.725000000099335
47.350000000102206
59.350000000104934
72.17500000010784
73.65000000010818
86.30000000011105
98.45000000011382
111.52500000011679
122.65000000011932
129.70000000011896
132.950000000116
147.3500000001029
148.62500000010175
15.02500000009968
17.225000000099556
34.40000000009926
47.300000000102195
59.27500000010492
71.92500000010779
73.50000000010814
86.25000000011104
98.42500000011381
111.47500000011678
122.62500000011931
130.05000000011864
132.25000000011664
147.1250000001031
148.4500000001019
14.975000000099683
17.100000000099563
18.1750000000995
32.22500000009877
34.52500000009929
47.37500000010221
59.37500000010494
72.0000000001078
73.60000000010817
86.35000000011107
98.42500000011381
111.5500000001168
122.65000000011932
129.9750000001187
132.05000000011682
147.22500000010302
148.52500000010184
15.000000000099682
17.12500000009956
32.97500000009894
34.62500000009931
47.3250000001022
59.32500000010493
72.22500000010785
73.62500000010817
86.32500000011106
98.4000000001138
111.45000000011677
122.62500000011931
129.2250000001194
147.50000000010277
15.000000000099682
17.075000000099564
18.125000000099504
32.27500000009878
34.5750000000993
47.40000000010222
59.37500000010494
72.32500000010788
73.7250000001082
86.45000000011109
98.60000000011385
111.60000000011681
122.75000000011934
130.62500000011812
132.47500000011644
147.45000000010282
148.72500000010166
14.900000000099688
16.97500000009957
18.05000000009951
33.02500000009895
34.62500000009931
47.3250000001022
59.32500000010493
72.22500000010785
73.65000000010818
86.32500000011106
98.42500000011381
111.5500000001168
122.62500000011931
130.85000000011792
132.7500000001162
147.5750000001027
14.925000000099686
17.050000000099566
18.125000000099504
32.20000000009876
34.500000000099284
47.300000000102195
59.30000000010492
72.02500000010781
73.55000000010816
86.25000000011104
98.3500000001138
111.50000000011678
122.65000000011932
129.37500000011926
147.250000000103
148.52500000010184
14.950000000099685
16.97500000009957
18.05000000009951
34.52500000009929
47.42500000010222
59.45000000010496
72.4250000001079
73.77500000010821
86.4750000001111
98.57500000011385
111.62500000011681
122.77500000011935
130.15000000011855
133.15000000011582
147.9000000001024
15.000000000099682
17.12500000009956
31.975000000098717
34.40000000009926
47.37500000010221
59.350000000104934
72.25000000010786
73.67500000010818
86.40000000011108
98.52500000011383
111.5500000001168
122.72500000011934
129.57500000011908
131.45000000011737
147.52500000010275
14.925000000099686
17.050000000099566
18.125000000099504
32.175000000098755
34.52500000009929
47.3250000001022
59.30000000010492
72.07500000010782
73.57500000010816
86.32500000011106
98.55000000011384
111.47500000011678
122.70000000011933
130.30000000011842
132.1750000001167
147.3500000001029
148.60000000010177
15.000000000099682
17.17500000009956
18.250000000099497
32.125000000098744
34.45000000009927
47.42500000010222
59.42500000010495
72.10000000010783
73.65000000010818
86.35000000011107
98.47500000011382
111.62500000011681
122.67500000011933
130.27500000011844
132.4000000001165
147.30000000010295
148.60000000010177
14.925000000099686
17.100000000099563
18.2000000000995
32.27500000009878
34.52500000009929
47.37500000010221
59.350000000104934
72.25000000010786
73.67500000010818
86.37500000011107
98.55000000011384
111.5500000001168
122.72500000011934
130.60000000011814
132.67500000011626
147.50000000010277
14.925000000099686
17.050000000099566
18.125000000099504
32.60000000009885
34.60000000009931
47.350000000102206
59.350000000104934
72.22500000010785
73.65000000010818
86.42500000011108
98.47500000011382
111.52500000011679
122.62500000011931
129.75000000011892
132.10000000011678
147.50000000010277
15.05000000009968
17.17500000009956
33.575000000099074
34.92500000009938
47.45000000010223
59.400000000104946
72.22500000010785
73.67500000010818
86.45000000011109
98.55000000011384
111.60000000011681
122.75000000011934
129.7750000001189
131.6250000001172
147.50000000010277
14.950000000099685
17.250000000099554
32.20000000009876
34.500000000099284
47.37500000010221
59.37500000010494
72.35000000010788
73.7250000001082
86.42500000011108
98.55000000011384
111.52500000011679
122.75000000011934
130.80000000011796
132.6250000001163
147.40000000010286
148.65000000010173
14.975000000099683
17.30000000009955
31.975000000098717
34.42500000009927
47.350000000102206
59.37500000010494
72.30000000010787
73.70000000010819
86.42500000011108
98.50000000011383
111.5500000001168
122.72500000011934
131.25000000011755
133.02500000011594
147.52500000010275
15.075000000099678
17.225000000099556
32.50000000009883
34.62500000009931
47.350000000102206
59.350000000104934
72.27500000010787
73.67500000010818
86.42500000011108
98.57500000011385
111.52500000011679
122.72500000011934
129.47500000011917
131.850000000117
133.5000000001155
147.55000000010273
14.925000000099686
17.025000000099567
18.100000000099506
34.45000000009927
47.37500000010221
59.350000000104934
72.27500000010787
73.70000000010819
86.40000000011108
98.55000000011384
111.5500000001168
122.75000000011934
129.82500000011885
132.00000000011687
147.65000000010264
14.950000000099685
17.050000000099566
18.125000000099504
31.90000000009872
34.47500000009928
47.37500000010221
59.42500000010495
72.07500000010782
73.60000000010817
86.35000000011107
98.45000000011382
111.52500000011679
122.70000000011933
129.70000000011896
132.22500000011667
147.40000000010286
148.6750000001017
14.925000000099686
16.95000000009957
18.02500000009951
32.10000000009874
34.47500000009928
47.37500000010221
59.400000000104946
72.25000000010786
73.70000000010819
86.40000000011108
98.62500000011386
111.5750000001168
122.82500000011936
130.1000000001186
132.10000000011678
147.6750000001026
15.000000000099682
17.225000000099556
32.25000000009877
34.500000000099284
47.37500000010221
59.350000000104934
72.37500000010789
73.7250000001082
86.40000000011108
98.55000000011384
111.5500000001168
122.75000000011934
129.5500000001191
131.45000000011737
147.60000000010268
14.925000000099686
16.97500000009957
18.05000000009951
32.32500000009879
34.5750000000993
47.40000000010222
59.350000000104934
71.9750000001078
73.57500000010816
86.32500000011106
98.45000000011382
111.5500000001168
122.65000000011932
130.27500000011844
132.25000000011664
147.30000000010295
148.5750000001018
15.000000000099682
17.200000000099557
32.25000000009877
34.550000000099296
47.37500000010221
59.32500000010493
72.35000000010788
73.7250000001082
86.45000000011109
98.60000000011385
111.5500000001168
122.82500000011936
129.70000000011896
131.60000000011723
147.52500000010275
15.02500000009968
17.32500000009955
31.800000000098727
34.07500000009919
47.350000000102206
59.350000000104934
72.12500000010783
73.62500000010817
86.40000000011108
98.57500000011385
111.50000000011678
122.72500000011934
129.20000000011942
147.27500000010298
148.5750000001018
14.975000000099683
17.100000000099563
18.1750000000995
31.95000000009872
34.47500000009928
47.40000000010222
59.37500000010494
72.02500000010781
73.60000000010817
86.32500000011106
98.50000000011383
111.5750000001168
122.67500000011933
129.4250000001192
131.35000000011746
147.3750000001029
148.65000000010173
14.950000000099685
17.30000000009955
32.8250000000989
34.62500000009931
47.42500000010222
59.400000000104946
72.25000000010786
73.70000000010819
86.42500000011108
98.60000000011385
111.5750000001168
122.72500000011934
129.82500000011885
131.850000000117
147.3500000001029
148.62500000010175
14.950000000099685
17.100000000099563
18.2000000000995
32.750000000098886
34.5750000000993
47.37500000010221
59.32500000010493
71.92500000010779
73.55000000010816
86.27500000011105
98.45000000011382
111.50000000011678
122.60000000011931
129.4500000001192
131.47500000011735
147.22500000010302
148.55000000010182
15.05000000009968
17.275000000099553
31.75000000009873
34.200000000099216
47.300000000102195
59.30000000010492
71.95000000010779
73.50000000010814
86.27500000011105
98.47500000011382
111.45000000011677
122.67500000011933
130.0000000001187
132.02500000011685
147.1500000001031
148.4750000001019
14.925000000099686
17.225000000099556
32.05000000009873
34.375000000099256
47.40000000010222
59.350000000104934
72.20000000010785
73.65000000010818
86.35000000011107
98.60000000011385
111.5500000001168
122.72500000011934
129.50000000011914
131.95000000011692
147.3750000001029
148.62500000010175
14.975000000099683
17.200000000099557
32.67500000009887
34.5750000000993
47.37500000010221
59.37500000010494
72.32500000010788
73.70000000010819
86.37500000011107
98.50000000011383
111.60000000011681
122.72500000011934
130.90000000011787
132.8500000001161
147.52500000010275
14.975000000099683
17.15000000009956
32.07500000009873
34.550000000099296
47.350000000102206
59.30000000010492
72.20000000010785
73.65000000010818
86.42500000011108
98.52500000011383
111.5500000001168
122.75000000011934
129.15000000011946
147.45000000010282
14.975000000099683
17.17500000009956
34.45000000009927
47.40000000010222
59.350000000104934
72.05000000010781
73.60000000010817
86.32500000011106
98.55000000011384
111.5500000001168
122.65000000011932
130.07500000011862
132.2000000001167
147.27500000010298
148.55000000010182
15.000000000099682
17.00000000009957
18.075000000099507
33.30000000009901
34.75000000009934
47.300000000102195
59.27500000010492
72.15000000010784
73.60000000010817
86.35000000011107
98.50000000011383
111.47500000011678
122.75000000011934
129.15000000011946
147.40000000010286
15.000000000099682
17.17500000009956
31.850000000098724
34.40000000009926
47.40000000010222
59.350000000104934
72.25000000010786
73.67500000010818
86.45000000011109
98.60000000011385
111.5750000001168
122.80000000011935
129.7750000001189
131.7500000001171
147.5750000001027
15.02500000009968
17.100000000099563
18.1750000000995
32.000000000098716
34.52500000009929
47.40000000010222
59.37500000010494
72.30000000010787
73.7250000001082
86.4750000001111
98.60000000011385
111.60000000011681
122.77500000011935
129.82500000011885
131.7500000001171
147.65000000010264
14.925000000099686
17.17500000009956
32.3750000000988
34.550000000099296
47.37500000010221
59.350000000104934
72.17500000010784
73.67500000010818
86.42500000011108
98.55000000011384
111.60000000011681
122.72500000011934
129.57500000011908
132.00000000011687
147.45000000010282
148.72500000010166
14.950000000099685
17.075000000099564
18.150000000099503
34.47500000009928
47.350000000102206
59.350000000104934
72.30000000010787
73.70000000010819
86.37500000011107
98.55000000011384
111.52500000011679
122.72500000011934
129.30000000011933
147.52500000010275
14.975000000099683
17.15000000009956
32.125000000098744
34.500000000099284
47.37500000010221
59.30000000010492
72.4000000001079
73.77500000010821
86.5000000001111
98.65000000011386
111.5500000001168
122.80000000011935
129.50000000011914
132.37500000011653
147.65000000010264
15.02500000009968
17.275000000099553
32.55000000009884
34.550000000099296
47.350000000102206
59.350000000104934
72.25000000010786
73.65000000010818
86.37500000011107
98.52500000011383
111.50000000011678
122.75000000011934
129.85000000011883
131.7500000001171
147.45000000010282
14.950000000099685
17.100000000099563
18.1750000000995
33.00000000009894
34.65000000009932
47.40000000010222
59.37500000010494
72.25000000010786
73.70000000010819
86.37500000011107
98.50000000011383
111.5750000001168
122.72500000011934
129.80000000011887
131.67500000011717
147.55000000010273
15.000000000099682
17.275000000099553
32.175000000098755
34.550000000099296
47.350000000102206
59.350000000104934
72.37500000010789
73.7250000001082
86.42500000011108
98.57500000011385
111.5750000001168
122.77500000011935
130.22500000011848
132.1750000001167
147.50000000010277
14.900000000099688
17.025000000099567
18.100000000099506
32.10000000009874
34.500000000099284
47.37500000010221
59.32500000010493
72.10000000010783
73.62500000010817
86.40000000011108
98.52500000011383
111.5750000001168
122.70000000011933
129.47500000011917
131.37500000011744
147.40000000010286
148.6750000001017
15.000000000099682
17.450000000099543
32.3750000000988
34.60000000009931
47.40000000010222
59.45000000010496
72.55000000010793
73.85000000010822
86.4750000001111
98.50000000011383
111.60000000011681
122.75000000011934
129.9750000001187
132.27500000011662
147.75000000010255
15.000000000099682
17.375000000099547
32.27500000009878
34.52500000009929
47.37500000010221
59.400000000104946
72.30000000010787
73.7250000001082
86.40000000011108
98.50000000011383
111.5750000001168
122.70000000011933
129.27500000011935
147.3500000001029
148.62500000010175
15.000000000099682
17.12500000009956
32.8000000000989
34.5750000000993
47.40000000010222
59.42500000010495
72.22500000010785
73.67500000010818
86.32500000011106
98.47500000011382
111.60000000011681
122.72500000011934
131.55000000011728
133.22500000011576
147.55000000010273
14.950000000099685
17.250000000099554
31.90000000009872
34.45000000009927
47.350000000102206
59.30000000010492
72.15000000010784
73.62500000010817
86.37500000011107
98.47500000011382
111.52500000011679
122.72500000011934
129.650000000119
131.77500000011707
147.42500000010284
14.975000000099683
17.200000000099557
31.77500000009873
34.22500000009922
47.350000000102206
59.350000000104934
72.0000000001078
73.57500000010816
86.35000000011107
98.50000000011383
111.50000000011678
122.70000000011933
129.62500000011903
131.47500000011735
147.1250000001031
148.4750000001019
14.925000000099686
17.050000000099566
18.125000000099504
34.45000000009927
47.3250000001022
59.350000000104934
72.15000000010784
73.62500000010817
86.25000000011104
98.3750000001138
111.5500000001168
122.67500000011933
129.90000000011878
131.67500000011717
147.4750000001028
14.925000000099686
17.12500000009956
32.525000000098835
34.5750000000993
47.37500000010221
59.27500000010492
72.10000000010783
73.62500000010817
86.40000000011108
98.50000000011383
111.5500000001168
122.72500000011934
129.12500000011948
147.250000000103
148.55000000010182
14.950000000099685
17.250000000099554
32.27500000009878
34.47500000009928
47.3250000001022
59.30000000010492
72.17500000010784
73.62500000010817
86.40000000011108
98.57500000011385
111.50000000011678
122.70000000011933
131.72500000011712
133.3000000001157
147.32500000010293
148.60000000010177
14.900000000099688
17.050000000099566
18.125000000099504
32.55000000009884
34.5750000000993
47.300000000102195
59.25000000010491
72.0000000001078
73.52500000010815
86.35000000011107
98.47500000011382
111.42500000011677
122.70000000011933
129.82500000011885
131.67500000011717
147.17500000010307
148.4750000001019
14.975000000099683
17.200000000099557
32.125000000098744
34.52500000009929
47.37500000010221
59.400000000104946
72.22500000010785
73.65000000010818
86.35000000011107
98.52500000011383
111.5500000001168
122.75000000011934
132.3000000001166
147.50000000010277
14.950000000099685
17.075000000099564
18.1750000000995
31.92500000009872
34.42500000009927
47.3250000001022
59.30000000010492
72.15000000010784
73.60000000010817
86.35000000011107
98.50000000011383
111.50000000011678
122.70000000011933
129.85000000011883
131.82500000011703
147.55000000010273
15.000000000099682
16.97500000009957
18.05000000009951
32.000000000098716
34.500000000099284
47.40000000010222
59.350000000104934
72.22500000010785
73.70000000010819
86.42500000011108
98.52500000011383
111.60000000011681
122.72500000011934
129.72500000011894
131.7500000001171
147.50000000010277
14.950000000099685
17.12500000009956
32.40000000009881
34.550000000099296
47.3250000001022
59.30000000010492
72.15000000010784
73.60000000010817
86.37500000011107
98.55000000011384
111.45000000011677
122.77500000011935
130.27500000011844
132.1750000001167
147.3500000001029
148.62500000010175
15.075000000099678
17.52500000009954
33.72500000009911
47.42500000010222
59.42500000010495
72.35000000010788
73.7500000001082
86.45000000011109
98.50000000011383
111.62500000011681
122.72500000011934
129.67500000011898
131.6500000001172
147.52500000010275
14.950000000099685
17.025000000099567
18.100000000099506
33.20000000009899
34.725000000099335
47.37500000010221
59.30000000010492
71.90000000010778
73.50000000010814
86.25000000011104
98.47500000011382
111.50000000011678
122.67500000011933
130.82500000011794
132.6250000001163
147.07500000010316
148.4500000001019
15.000000000099682
17.425000000099544
32.475000000098824
34.62500000009931
47.42500000010222
59.37500000010494
72.55000000010793
73.85000000010822
86.5000000001111
98.62500000011386
111.62500000011681
122.77500000011935
130.12500000011858
132.5250000001164
147.7000000001026
15.02500000009968
17.450000000099543
34.42500000009927
47.350000000102206
59.400000000104946
72.52500000010792
73.82500000010822
86.45000000011109
98.60000000011385
111.60000000011681
122.77500000011935
131.60000000011723
133.35000000011564
147.9000000001024
15.02500000009968
17.12500000009956
31.800000000098727
34.45000000009927
47.37500000010221
59.37500000010494
72.12500000010783
73.62500000010817
86.40000000011108
98.50000000011383
111.50000000011678
122.67500000011933
129.52500000011912
131.60000000011723
147.250000000103
148.52500000010184
14.975000000099683
16.97500000009957
18.05000000009951
32.22500000009877
34.5750000000993
47.350000000102206
59.25000000010491
71.92500000010779
73.50000000010814
86.27500000011105
98.47500000011382
111.47500000011678
122.67500000011933
129.47500000011917
131.57500000011726
147.27500000010298
148.5750000001018
14.975000000099683
17.200000000099557
32.700000000098875
34.62500000009931
47.40000000010222
59.32500000010493
71.9750000001078
73.57500000010816
86.35000000011107
98.50000000011383
111.5500000001168
122.62500000011931
129.7750000001189
131.5250000001173
147.10000000010314
148.4750000001019
14.900000000099688
17.025000000099567
18.075000000099507
34.40000000009926
47.300000000102195
59.25000000010491
71.85000000010777
73.47500000010814
86.20000000011103
98.3750000001138
111.50000000011678
122.5500000001193
129.57500000011908
131.67500000011717
147.250000000103
148.52500000010184
14.975000000099683
17.275000000099553
32.07500000009873
34.52500000009929
47.3250000001022
59.350000000104934
72.05000000010781
73.60000000010817
86.35000000011107
98.50000000011383
111.47500000011678
122.60000000011931
129.40000000011923
131.87500000011698
147.20000000010305
148.52500000010184
15.000000000099682
17.15000000009956
31.825000000098726
33.850000000099136
47.3250000001022
59.27500000010492
71.80000000010776
73.42500000010813
86.17500000011103
98.50000000011383
111.45000000011677
122.65000000011932
129.40000000011923
146.77500000010343
148.27500000010207
14.925000000099686
17.100000000099563
18.1750000000995
31.875000000098723
34.500000000099284
47.350000000102206
59.350000000104934
72.15000000010784
73.65000000010818
86.45000000011109
98.50000000011383
111.52500000011679
122.70000000011933
130.17500000011853
132.12500000011676
147.3500000001029
148.60000000010177
15.000000000099682
17.075000000099564
18.1750000000995
34.500000000099284
47.3250000001022
59.30000000010492
71.95000000010779
73.55000000010816
86.30000000011105
98.42500000011381
111.50000000011678
122.62500000011931
129.62500000011903
131.6250000001172
147.17500000010307
148.50000000010186
14.925000000099686
16.925000000099573
18.00000000009951
32.72500000009888
34.62500000009931
47.40000000010222
59.37500000010494
72.10000000010783
73.62500000010817
86.42500000011108
98.50000000011383
111.5500000001168
122.67500000011933
129.67500000011898
131.67500000011717
147.42500000010284
148.70000000010168
15.02500000009968
17.075000000099564
18.125000000099504
33.52500000009906
34.900000000099375
47.37500000010221
59.37500000010494
72.12500000010783
73.62500000010817
86.40000000011108
98.47500000011382
111.5750000001168
122.75000000011934
129.90000000011878
132.7500000001162
147.60000000010268
15.000000000099682
17.250000000099554
32.60000000009885
34.5750000000993
47.350000000102206
59.32500000010493
72.25000000010786
73.67500000010818
86.40000000011108
98.45000000011382
111.50000000011678
122.65000000011932
129.40000000011923
133.25000000011573
147.62500000010266
14.950000000099685
17.32500000009955
32.20000000009876
34.5750000000993
47.40000000010222
59.350000000104934
72.15000000010784
73.65000000010818
86.37500000011107
98.55000000011384
111.5750000001168
122.67500000011933
129.3250000001193
131.40000000011742
147.27500000010298
148.5750000001018
15.000000000099682
17.12500000009956
31.95000000009872
34.45000000009927
47.37500000010221
59.30000000010492
72.10000000010783
73.60000000010817
86.35000000011107
98.50000000011383
111.52500000011679
122.67500000011933
129.4250000001192
147.42500000010284
15.000000000099682
17.17500000009956
31.92500000009872
34.500000000099284
47.350000000102206
59.30000000010492
72.02500000010781
73.57500000010816
86.32500000011106
98.50000000011383
111.47500000011678
122.70000000011933
129.67500000011898
132.2000000001167
147.30000000010295
148.5750000001018
15.000000000099682
17.200000000099557
32.32500000009879
34.60000000009931
47.40000000010222
59.32500000010493
72.05000000010781
73.60000000010817
86.40000000011108
98.55000000011384
111.52500000011679
122.72500000011934
130.50000000011823
132.45000000011646
147.32500000010293
148.5750000001018
14.975000000099683
17.17500000009956
32.72500000009888
34.62500000009931
47.350000000102206
59.350000000104934
72.12500000010783
73.62500000010817
86.42500000011108
98.50000000011383
111.52500000011679
122.72500000011934
129.75000000011892
132.37500000011653
147.32500000010293
148.60000000010177
15.000000000099682
17.250000000099554
34.375000000099256
47.37500000010221
59.350000000104934
72.22500000010785
73.65000000010818
86.35000000011107
98.42500000011381
111.5500000001168
122.77500000011935
129.57500000011908
131.57500000011726
147.45000000010282
15.000000000099682
17.250000000099554
31.77500000009873
34.00000000009917
47.37500000010221
59.27500000010492
71.92500000010779
73.52500000010815
86.27500000011105
98.50000000011383
111.47500000011678
122.70000000011933
129.47500000011917
147.10000000010314
148.4500000001019
14.950000000099685
17.17500000009956
31.75000000009873
33.92500000009915
47.350000000102206
59.27500000010492
72.15000000010784
73.62500000010817
86.42500000011108
98.60000000011385
111.50000000011678
122.72500000011934
130.1000000001186
132.12500000011676
147.4750000001028
14.925000000099686
17.30000000009955
32.125000000098744
34.45000000009927
47.40000000010222
59.37500000010494
72.35000000010788
73.7250000001082
86.40000000011108
98.52500000011383
111.62500000011681
122.65000000011932
129.90000000011878
132.35000000011655
147.6750000001026
15.02500000009968
17.30000000009955
31.95000000009872
34.40000000009926
47.350000000102206
59.400000000104946
72.35000000010788
73.7250000001082
86.40000000011108
98.50000000011383
111.5500000001168
122.62500000011931
129.5500000001191
131.47500000011735
147.52500000010275
14.975000000099683
17.225000000099556
31.975000000098717
34.45000000009927
47.40000000010222
59.30000000010492
72.05000000010781
73.62500000010817
86.42500000011108
98.62500000011386
111.50000000011678
122.75000000011934
129.30000000011933
147.17500000010307
148.52500000010184
14.900000000099688
16.95000000009957
18.02500000009951
31.90000000009872
34.52500000009929
47.350000000102206
59.25000000010491
72.05000000010781
73.57500000010816
86.42500000011108
98.50000000011383
111.47500000011678
122.72500000011934
129.17500000011944
147.1250000001031
148.4500000001019
14.975000000099683
17.225000000099556
32.55000000009884
34.550000000099296
47.350000000102206
59.350000000104934
72.15000000010784
73.62500000010817
86.35000000011107
98.52500000011383
111.5500000001168
122.72500000011934
129.4250000001192
147.40000000010286
148.6750000001017
15.000000000099682
17.30000000009955
33.30000000009901
34.725000000099335
47.37500000010221
59.350000000104934
72.12500000010783
73.65000000010818
86.32500000011106
98.47500000011382
111.5750000001168
122.72500000011934
130.4250000001183
132.25000000011664
147.3500000001029
148.62500000010175
15.000000000099682
17.12500000009956
18.2250000000995
31.850000000098724
34.325000000099244
47.37500000010221
59.32500000010493
72.15000000010784
73.62500000010817
86.40000000011108
98.52500000011383
111.52500000011679
122.70000000011933
129.72500000011894
131.77500000011707
147.40000000010286
148.6750000001017
14.975000000099683
17.050000000099566
18.125000000099504
31.90000000009872
34.47500000009928
47.37500000010221
59.37500000010494
72.05000000010781
73.60000000010817
86.35000000011107
98.47500000011382
111.5500000001168
122.67500000011933
129.15000000011946
147.22500000010302
148.52500000010184
14.950000000099685
17.15000000009956
32.125000000098744
34.47500000009928
47.350000000102206
59.37500000010494
72.07500000010782
73.60000000010817
86.30000000011105
98.47500000011382
111.52500000011679
122.67500000011933
129.37500000011926
147.1500000001031
148.4750000001019
15.000000000099682
17.17500000009956
32.40000000009881
34.550000000099296
47.40000000010222
59.350000000104934
72.15000000010784
73.62500000010817
86.37500000011107
98.47500000011382
111.50000000011678
122.72500000011934
129.82500000011885
131.80000000011705
147.3500000001029
148.60000000010177
15.02500000009968
17.32500000009955
31.975000000098717
34.42500000009927
47.300000000102195
59.32500000010493
72.05000000010781
73.55000000010816
86.25000000011104
98.42500000011381
111.47500000011678
122.67500000011933
129.9750000001187
131.87500000011698
147.22500000010302
148.52500000010184
15.000000000099682
17.025000000099567
18.075000000099507
32.000000000098716
34.47500000009928
47.350000000102206
59.350000000104934
72.07500000010782
73.60000000010817
86.37500000011107
98.47500000011382
111.5500000001168
122.70000000011933
129.5500000001191
147.3500000001029
148.62500000010175
15.000000000099682
17.15000000009956
31.95000000009872
34.45000000009927
47.40000000010222
59.400000000104946
72.25000000010786
73.70000000010819
86.40000000011108
98.42500000011381
111.5750000001168
122.70000000011933
130.1000000001186
132.05000000011682
147.50000000010277
14.975000000099683
17.17500000009956
32.175000000098755
34.500000000099284
47.3250000001022
59.30000000010492
72.30000000010787
73.70000000010819
86.40000000011108
98.57500000011385
111.52500000011679
122.70000000011933
129.47500000011917
147.55000000010273
14.950000000099685
17.100000000099563
18.2000000000995
32.15000000009875
34.500000000099284
47.37500000010221
59.350000000104934
72.05000000010781
73.60000000010817
86.32500000011106
98.47500000011382
111.52500000011679
122.70000000011933
132.12500000011676
133.55000000011546
147.20000000010305
148.50000000010186
15.000000000099682
17.35000000009955
31.850000000098724
34.35000000009925
47.3250000001022
59.25000000010491
72.02500000010781
73.55000000010816
86.27500000011105
98.50000000011383
111.47500000011678
122.72500000011934
129.72500000011894
131.57500000011726
147.10000000010314
148.4500000001019
14.900000000099688
17.025000000099567
18.100000000099506
31.95000000009872
34.47500000009928
47.37500000010221
59.350000000104934
72.10000000010783
73.60000000010817
86.40000000011108
98.52500000011383
111.52500000011679
122.65000000011932
129.95000000011873
131.850000000117
147.32500000010293
148.60000000010177
14.950000000099685
17.17500000009956
34.52500000009929
47.40000000010222
59.350000000104934
72.30000000010787
73.7250000001082
86.45000000011109
98.52500000011383
111.60000000011681
122.77500000011935
129.35000000011928
147.55000000010273
15.02500000009968
17.025000000099567
18.100000000099506
32.60000000009885
34.550000000099296
47.3250000001022
59.30000000010492
72.05000000010781
73.52500000010815
86.32500000011106
98.45000000011382
111.45000000011677
122.67500000011933
129.37500000011926
147.17500000010307
148.4750000001019
14.975000000099683
17.050000000099566
18.150000000099503
33.450000000099045
34.82500000009936
47.40000000010222
59.400000000104946
72.47500000010791
73.82500000010822
86.4750000001111
98.57500000011385
111.5500000001168
122.75000000011934
129.62500000011903
131.87500000011698
147.7000000001026
15.000000000099682
17.225000000099556
32.15000000009875
34.500000000099284
47.42500000010222
59.37500000010494
72.15000000010784
73.65000000010818
86.35000000011107
98.47500000011382
111.62500000011681
122.75000000011934
129.72500000011894
131.60000000011723
147.4750000001028
14.925000000099686
16.97500000009957
18.05000000009951
31.90000000009872
34.40000000009926
47.37500000010221
59.400000000104946
72.10000000010783
73.65000000010818
86.35000000011107
98.50000000011383
111.62500000011681
122.77500000011935
129.70000000011896
131.6500000001172
147.55000000010273
14.950000000099685
17.15000000009956
31.825000000098726
34.30000000009924
47.40000000010222
59.350000000104934
72.47500000010791
73.80000000010821
86.4750000001111
98.60000000011385
111.60000000011681
122.70000000011933
132.50000000011642
147.6750000001026
15.000000000099682
17.400000000099546
32.3750000000988
34.550000000099296
47.37500000010221
59.32500000010493
72.20000000010785
73.67500000010818
86.42500000011108
98.57500000011385
111.52500000011679
122.70000000011933
129.52500000011912
147.22500000010302
148.52500000010184
14.950000000099685
17.225000000099556
32.300000000098784
34.52500000009929
47.42500000010222
59.400000000104946
72.15000000010784
73.67500000010818
86.42500000011108
98.55000000011384
111.5750000001168
122.67500000011933
131.6250000001172
133.2750000001157
147.30000000010295
148.5750000001018
